-9.635489654541015625e+01
-9.612034606933593750e+01
-9.680766296386718750e+01
-9.630126190185546875e+01
-9.625581359863281250e+01
-9.624925231933593750e+01
-9.722985839843750000e+01
-9.690326690673828125e+01
-9.723442077636718750e+01
-9.630682373046875000e+01
-9.668404388427734375e+01
-9.623655700683593750e+01
-9.624269104003906250e+01
-9.656369018554687500e+01
-9.691355895996093750e+01
-9.723956298828125000e+01
-9.690841674804687500e+01
-9.724985504150390625e+01
-9.724471282958984375e+01
-9.736804199218750000e+01
-9.656884765625000000e+01
-9.689811706542968750e+01
-9.561100006103515625e+01
-9.433627319335937500e+01
-9.428206634521484375e+01
-9.662492370605468750e+01
-9.666462707519531250e+01
-9.705432891845703125e+01
-9.665755462646484375e+01
-9.661705780029296875e+01
-9.617742156982421875e+01
-9.704952239990234375e+01
-9.616954040527343750e+01
-9.667250061035156250e+01
-9.704167175292968750e+01
-9.665196228027343750e+01
-9.590498352050781250e+01
-9.644354248046875000e+01
-9.645328521728515625e+01
-9.597134399414062500e+01
-9.593278503417968750e+01
-9.634831237792968750e+01
-9.627514648437500000e+01
-9.634175109863281250e+01
-9.625546264648437500e+01
-9.642102050781250000e+01
-9.627770233154296875e+01
-9.626859283447265625e+01
-9.591965484619140625e+01
-9.654010772705078125e+01
-9.625290679931640625e+01
-9.624635314941406250e+01
-9.633519744873046875e+01
-9.626560974121093750e+01
-9.626203155517578125e+01
-9.710623168945312500e+01
-9.720629882812500000e+01
-9.625947570800781250e+01
-9.628426361083984375e+01
-9.627114105224609375e+01
-9.719143676757812500e+01
-9.635044860839843750e+01
-9.670999908447265625e+01
-9.577640533447265625e+01
-9.684962463378906250e+01
-9.719600677490234375e+01
-9.641546630859375000e+01
-9.592622375488281250e+01
-9.585202026367187500e+01
-9.591156005859375000e+01
-9.590797424316406250e+01
-9.493159484863281250e+01
-9.593936157226562500e+01
-9.671655273437500000e+01
-9.720115661621093750e+01
-9.597792053222656250e+01
-9.670387268066406250e+01
-9.598448181152343750e+01
-9.592980957031250000e+01
-9.644812774658203125e+01
-9.562840270996093750e+01
-9.596420288085937500e+01
-9.600704956054687500e+01
-9.577404785156250000e+01
-9.664312744140625000e+01
-9.609991455078125000e+01
-9.602078247070312500e+01
-9.659512329101562500e+01
-9.661567687988281250e+01
-9.561524963378906250e+01
-9.617704772949218750e+01
-9.668522644042968750e+01
-9.620453643798828125e+01
-9.639807128906250000e+01
-9.560778808593750000e+01
-9.619141387939453125e+01
-9.621241760253906250e+01
-9.641246032714843750e+01
-9.619929504394531250e+01
-9.660823059082031250e+01
-9.666366577148437500e+01
-9.576617431640625000e+01
-9.621723937988281250e+01
-9.605450439453125000e+01
-9.599916839599609375e+01
-9.558024597167968750e+01
-9.604663085937500000e+01
-9.662980651855468750e+01
-9.557276916503906250e+01
-9.662878417968750000e+01
-9.622483825683593750e+01
-9.627640533447265625e+01
-9.623139953613281250e+01
-9.663403320312500000e+01
-9.599522399902343750e+01
-9.645016479492187500e+01
-9.645672607421875000e+01
-9.646327972412109375e+01
-9.644361877441406250e+01
-9.689722442626953125e+01
-9.705498504638671875e+01
-9.635163116455078125e+01
-9.617675781250000000e+01
-9.665916442871093750e+01
-9.617019653320312500e+01
-9.667184448242187500e+01
-9.704232025146484375e+01
-9.670929718017578125e+01
-9.662426757812500000e+01
-9.666529083251953125e+01
-9.635819244384765625e+01
-9.512801361083984375e+01
-1.013255462646484375e+02
-1.012466125488281250e+02
-9.706733703613281250e+01
-9.511990356445312500e+01
-9.616340637207031250e+01
-9.615552520751953125e+01
-9.607606506347656250e+01
-9.405669403076171875e+01
-9.406281280517578125e+01
-9.407498931884765625e+01
-9.607208251953125000e+01
-9.606267547607421875e+01
-9.618264770507812500e+01
-9.603620147705078125e+01
-9.568008422851562500e+01
-9.610508728027343750e+01
-9.607801055908203125e+01
-9.660815429687500000e+01
-9.597407531738281250e+01
-9.602895355224609375e+01
-9.580949401855468750e+01
-1.011603698730468750e+02
-9.598196411132812500e+01
-9.657327270507812500e+01
-9.749689483642578125e+01
-9.610610961914062500e+01
-9.609763336181640625e+01
-9.659248352050781250e+01
-9.606327819824218750e+01
-9.660070800781250000e+01
-9.569586181640625000e+01
-9.563761138916015625e+01
-9.611398315429687500e+01
-9.606391906738281250e+01
-9.614770507812500000e+01
-9.653151702880859375e+01
-9.607012939453125000e+01
-9.596619415283203125e+01
-9.613983154296875000e+01
-9.567262268066406250e+01
-9.611231994628906250e+01
-1.011441116333007812e+02
-9.656517791748046875e+01
-9.568797302246093750e+01
-1.012601089477539062e+02
-9.569910430908203125e+01
-9.703259277343750000e+01
-9.732012939453125000e+01
-9.659355163574218750e+01
-9.596061706542968750e+01
-9.619542694091796875e+01
-9.617871856689453125e+01
-9.604202270507812500e+01
-9.658323669433593750e+01
-9.623423767089843750e+01
-9.597332763671875000e+01
-9.673001098632812500e+01
-9.599391937255859375e+01
-9.618229675292968750e+01
-9.620288085937500000e+01
-9.720525360107421875e+01
-9.619018554687500000e+01
-9.580092620849609375e+01
-9.647662353515625000e+01
-9.622677612304687500e+01
-9.622153472900390625e+01
-1.010996856689453125e+02
-9.721496582031250000e+01
-9.594747161865234375e+01
-9.624736022949218750e+01
-9.593157958984375000e+01
-9.602929687500000000e+01
-9.668881225585937500e+01
-9.733447265625000000e+01
-9.734421539306640625e+01
-9.598645019531250000e+01
-9.644941711425781250e+01
-9.626916503906250000e+01
-9.575279235839843750e+01
-9.621600341796875000e+01
-9.614734649658203125e+01
-9.656885528564453125e+01
-9.722931671142578125e+01
-9.683729553222656250e+01
-9.680409240722656250e+01
-9.205790710449218750e+01
-9.634531402587890625e+01
-9.591352844238281250e+01
-9.598513793945312500e+01
-9.720574951171875000e+01
-9.591767883300781250e+01
-9.705234527587890625e+01
-9.637885284423828125e+01
-9.626303863525390625e+01
-9.640580749511718750e+01
-9.588075256347656250e+01
-9.719140625000000000e+01
-9.625349426269531250e+01
-9.626012420654296875e+01
-9.686295318603515625e+01
-9.656427001953125000e+01
-9.626136779785156250e+01
-9.578977203369140625e+01
-9.625225830078125000e+01
-9.586639404296875000e+01
-9.627048492431640625e+01
-9.703797912597656250e+01
-9.618361663818359375e+01
-9.696537780761718750e+01
-9.654988098144531250e+01
-9.584938812255859375e+01
-9.493042755126953125e+01
-9.722010803222656250e+01
-9.589776611328125000e+01
-9.493896484375000000e+01
-9.670321655273437500e+01
-9.594132995605468750e+01
-9.633453369140625000e+01
-9.592555236816406250e+01
-9.626924896240234375e+01
-9.626757812500000000e+01
-9.599259948730468750e+01
-9.663468933105468750e+01
-9.636509704589843750e+01
-9.579766845703125000e+01
-9.645274353027343750e+01
-9.608978271484375000e+01
-9.664096069335937500e+01
-9.664709472656250000e+01
-9.954414367675781250e+01
-9.606437683105468750e+01
-9.605781555175781250e+01
-1.013565979003906250e+02
-1.011778182983398438e+02
-1.013577423095703125e+02
-1.014393615722656250e+02
-9.662654113769531250e+01
-9.604336547851562500e+01
-9.602767181396484375e+01
-9.607576751708984375e+01
-9.952578735351562500e+01
-9.602153015136718750e+01
-1.014377593994140625e+02
-9.663310241699218750e+01
-9.605649566650390625e+01
-9.646841430664062500e+01
-9.547216033935546875e+01
-9.620969390869140625e+01
-9.627658843994140625e+01
-9.785171508789062500e+01
-9.729302978515625000e+01
-9.648330688476562500e+01
-9.780529785156250000e+01
-9.780015563964843750e+01
-9.620413208007812500e+01
-9.746468353271484375e+01
-9.802804565429687500e+01
-9.785684967041015625e+01
-9.647815704345703125e+01
-9.647299957275390625e+01
-9.665547180175781250e+01
-9.784658813476562500e+01
-9.596414184570312500e+01
-9.808979797363281250e+01
-9.636637878417968750e+01
-9.647793579101562500e+01
-9.647006225585937500e+01
-9.648580932617187500e+01
-9.599305725097656250e+01
-1.013419570922851562e+02
-9.674664306640625000e+01
-9.583889007568359375e+01
-9.584545898437500000e+01
-1.011942443847656250e+02
-9.607183837890625000e+01
-9.583232116699218750e+01
-9.607839965820312500e+01
-9.620135498046875000e+01
-1.014702148437500000e+02
-9.613292694091796875e+01
-9.607725524902343750e+01
-9.779505920410156250e+01
-9.783743286132812500e+01
-9.727975463867187500e+01
-9.771128082275390625e+01
-9.727407836914062500e+01
-9.769696044921875000e+01
-9.780880737304687500e+01
-9.825061035156250000e+01
-9.728842163085937500e+01
-9.781443786621093750e+01
-9.782875823974609375e+01
-9.782312774658203125e+01
-9.654429626464843750e+01
-9.652973937988281250e+01
-9.780317687988281250e+01
-9.770950317382812500e+01
-9.712876892089843750e+01
-9.549937438964843750e+01
-9.551473236083984375e+01
-9.608843994140625000e+01
-9.598515319824218750e+01
-9.598997497558593750e+01
-9.550857543945312500e+01
-9.549279022216796875e+01
-9.599172210693359375e+01
-9.626182556152343750e+01
-9.591140747070312500e+01
-9.624082946777343750e+01
-9.629576873779296875e+01
-9.664997863769531250e+01
-1.011927032470703125e+02
-1.014009552001953125e+02
-1.011335525512695312e+02
-9.614443969726562500e+01
-9.698566436767578125e+01
-9.613787841796875000e+01
-9.668101501464843750e+01
-9.663729858398437500e+01
-9.703970336914062500e+01
-9.621434020996093750e+01
-9.702661895751953125e+01
-9.703315734863281250e+01
-9.615100097656250000e+01
-9.623434448242187500e+01
-9.612725830078125000e+01
-9.528939819335937500e+01
-9.549804687500000000e+01
-9.551603698730468750e+01
-9.557078552246093750e+01
-9.599041748046875000e+01
-9.599786376953125000e+01
-9.598384094238281250e+01
-9.654416656494140625e+01
-9.782825469970703125e+01
-9.782362365722656250e+01
-9.643431854248046875e+01
-9.785792541503906250e+01
-9.771584320068359375e+01
-9.783794403076171875e+01
-9.781394195556640625e+01
-9.825978088378906250e+01
-9.780426025390625000e+01
-9.758114624023437500e+01
-9.779399108886718750e+01
-9.726486968994140625e+01
-9.727462005615234375e+01
-9.612776184082031250e+01
-9.702072143554687500e+01
-1.013316650390625000e+02
-1.013479003906250000e+02
-9.664161682128906250e+01
-9.602569580078125000e+01
-9.510856628417968750e+01
-9.601824951171875000e+01
-9.669705200195312500e+01
-9.535108184814453125e+01
-9.419831848144531250e+01
-9.531630706787109375e+01
-9.698320770263671875e+01
-9.559989929199218750e+01
-9.642685699462890625e+01
-9.702323913574218750e+01
-9.763389587402343750e+01
-9.700888061523437500e+01
-9.646209716796875000e+01
-1.022398529052734375e+02
-9.649766540527343750e+01
-9.764820861816406250e+01
-9.691194152832031250e+01
-9.643659210205078125e+01
-9.749208068847656250e+01
-9.696884155273437500e+01
-9.558673858642578125e+01
-9.644067382812500000e+01
-9.693660736083984375e+01
-9.648384857177734375e+01
-9.692631530761718750e+01
-9.557926940917968750e+01
-9.559199523925781250e+01
-9.764537048339843750e+01
-9.799893951416015625e+01
-9.820889282226562500e+01
-9.818031311035156250e+01
-9.803266906738281250e+01
-9.802754211425781250e+01
-9.818542480468750000e+01
-9.800406646728515625e+01
-9.958657836914062500e+01
-9.416938781738281250e+01
-9.456445312500000000e+01
-9.415391540527343750e+01
-9.417507934570312500e+01
-9.597465515136718750e+01
-1.013403625488281250e+02
-9.601890563964843750e+01
-1.013392181396484375e+02
-9.669638824462890625e+01
-9.602503967285156250e+01
-9.627350616455078125e+01
-9.668984222412109375e+01
-9.646591186523437500e+01
-9.656124877929687500e+01
-9.591350555419921875e+01
-9.635487365722656250e+01
-9.590036773681640625e+01
-9.550022888183593750e+01
-9.673577880859375000e+01
-9.590693664550781250e+01
-9.672922515869140625e+01
-9.672309875488281250e+01
-9.732530212402343750e+01
-9.718576049804687500e+01
-9.664071655273437500e+01
-9.629340362548828125e+01
-9.631204986572265625e+01
-9.630126953125000000e+01
-9.596717834472656250e+01
-9.657974243164062500e+01
-1.012303695678710938e+02
-9.604332733154296875e+01
-9.603544616699218750e+01
-9.620944213867187500e+01
-9.735337829589843750e+01
-9.630417633056640625e+01
-9.651160430908203125e+01
-9.631950378417968750e+01
-9.622808837890625000e+01
-9.595348358154296875e+01
-9.575147247314453125e+01
-9.568270874023437500e+01
-9.628552246093750000e+01
-9.622021484375000000e+01
-9.567525482177734375e+01
-9.629629516601562500e+01
-9.642745971679687500e+01
-9.613333129882812500e+01
-9.666171264648437500e+01
-9.595141601562500000e+01
-1.008097229003906250e+02
-9.621731567382812500e+01
-9.645497131347656250e+01
-9.733961486816406250e+01
-9.644122314453125000e+01
-9.595930480957031250e+01
-9.600639343261718750e+01
-9.584179687500000000e+01
-9.599983215332031250e+01
-9.557958221435546875e+01
-9.665032958984375000e+01
-1.009722747802734375e+02
-9.665646362304687500e+01
-9.640783691406250000e+01
-9.610713958740234375e+01
-9.605384826660156250e+01
-9.661502075195312500e+01
-9.620520019531250000e+01
-9.668457031250000000e+01
-9.562116241455078125e+01
-9.619863891601562500e+01
-9.660234069824218750e+01
-9.621176147460937500e+01
-9.560844421386718750e+01
-9.619207000732421875e+01
-9.621789550781250000e+01
-9.660888671875000000e+01
-9.604728698730468750e+01
-9.556685638427734375e+01
-9.663044738769531250e+01
-9.640267944335937500e+01
-9.662158203125000000e+01
-9.664378356933593750e+01
-9.561459350585937500e+01
-9.617639160156250000e+01
-9.653913879394531250e+01
-9.557400512695312500e+01
-9.644695281982421875e+01
-9.766818237304687500e+01
-9.754446411132812500e+01
-9.652475738525390625e+01
-9.760121154785156250e+01
-9.704193115234375000e+01
-9.747209930419921875e+01
-9.708439636230468750e+01
-9.707410430908203125e+01
-9.565289306640625000e+01
-9.753070068359375000e+01
-9.565815734863281250e+01
-9.708847045898437500e+01
-9.770031738281250000e+01
-9.647245788574218750e+01
-9.742965698242187500e+01
-9.714532470703125000e+01
-9.564543151855468750e+01
-9.566603851318359375e+01
-9.741531372070312500e+01
-9.352973937988281250e+01
-9.818893432617187500e+01
-9.816551208496093750e+01
-9.534754943847656250e+01
-9.797957611083984375e+01
-9.715355682373046875e+01
-9.634889221191406250e+01
-9.728689575195312500e+01
-9.586209869384765625e+01
-1.011768264770507812e+02
-9.628194427490234375e+01
-9.695429992675781250e+01
-9.633262634277343750e+01
-1.012093276977539062e+02
-9.718168640136718750e+01
-9.587882995605468750e+01
-9.592169189453125000e+01
-9.584412384033203125e+01
-9.631397247314453125e+01
-9.593870544433593750e+01
-9.632473754882812500e+01
-9.627282714843750000e+01
-9.640316009521484375e+01
-9.628070831298828125e+01
-9.586970520019531250e+01
-9.707643127441406250e+01
-9.646306610107421875e+01
-9.585269165039062500e+01
-9.704769897460937500e+01
-9.635455322265625000e+01
-9.706207275390625000e+01
-9.709648132324218750e+01
-9.629148101806640625e+01
-9.587910461425781250e+01
-9.629893493652343750e+01
-9.584580230712890625e+01
-9.716734313964843750e+01
-9.694056701660156250e+01
-9.588700103759765625e+01
-9.593081665039062500e+01
-9.632184600830078125e+01
-9.641691589355468750e+01
-9.577706146240234375e+01
-9.624700927734375000e+01
-9.631562805175781250e+01
-9.672375488281250000e+01
-9.674953460693359375e+01
-9.631687164306640625e+01
-9.581038665771484375e+01
-9.583624267578125000e+01
-9.591284942626953125e+01
-9.421741485595703125e+01
-9.411124420166015625e+01
-9.452627563476562500e+01
-9.415803527832031250e+01
-9.418849182128906250e+01
-9.459614562988281250e+01
-9.656050109863281250e+01
-9.606455993652343750e+01
-9.606333923339843750e+01
-9.657360839843750000e+01
-9.608748626708984375e+01
-1.008328094482421875e+02
-9.658105468750000000e+01
-9.627394104003906250e+01
-9.645918273925781250e+01
-9.781447601318359375e+01
-9.730223083496093750e+01
-9.629591369628906250e+01
-9.745034027099609375e+01
-9.780934906005859375e+01
-9.652072143554687500e+01
-9.612066650390625000e+01
-9.649254608154296875e+01
-9.799087524414062500e+01
-9.783740234375000000e+01
-9.784254455566406250e+01
-9.664166259765625000e+01
-9.753573608398437500e+01
-9.619036865234375000e+01
-9.619592285156250000e+01
-9.745548248291015625e+01
-9.582484436035156250e+01
-9.630906677246093750e+01
-9.705285644531250000e+01
-9.585552978515625000e+01
-9.629637908935546875e+01
-9.628326416015625000e+01
-9.585955047607421875e+01
-9.716276550292968750e+01
-1.011919250488281250e+02
-9.673774719238281250e+01
-1.011129302978515625e+02
-9.629471588134765625e+01
-9.717247772216796875e+01
-9.694610595703125000e+01
-9.584281921386718750e+01
-9.583756256103515625e+01
-9.633130645751953125e+01
-9.630783081054687500e+01
-9.695983886718750000e+01
-9.592424774169921875e+01
-9.586671447753906250e+01
-1.011942291259765625e+02
-9.583923339843750000e+01
-9.627413940429687500e+01
-9.639760589599609375e+01
-9.705692291259765625e+01
-9.706721496582031250e+01
-9.630548858642578125e+01
-9.628684234619140625e+01
-9.585194396972656250e+01
-9.638441467285156250e+01
-9.693559265136718750e+01
-9.632605743408203125e+01
-9.703284454345703125e+01
-9.593738555908203125e+01
-9.704312896728515625e+01
-9.632219696044921875e+01
-9.707698059082031250e+01
-9.587585449218750000e+01
-9.585983276367187500e+01
-9.675084686279296875e+01
-9.631819152832031250e+01
-9.580423736572265625e+01
-9.640872192382812500e+01
-9.587254333496093750e+01
-9.591152954101562500e+01
-9.587460327148437500e+01
-9.431416320800781250e+01
-9.433033752441406250e+01
-9.683731079101562500e+01
-9.645455932617187500e+01
-9.753115081787109375e+01
-9.621380615234375000e+01
-9.646838378906250000e+01
-9.784712982177734375e+01
-9.780475616455078125e+01
-9.744573974609375000e+01
-9.665086364746093750e+01
-9.800059509277343750e+01
-9.651152038574218750e+01
-9.783280944824218750e+01
-9.620002746582031250e+01
-9.649716186523437500e+01
-9.781907653808593750e+01
-9.648277282714843750e+01
-9.786143493652343750e+01
-9.746008300781250000e+01
-9.552714538574218750e+01
-9.618625640869140625e+01
-9.818951416015625000e+01
-9.813291931152343750e+01
-9.817523193359375000e+01
-1.024583740234375000e+02
-9.554328918457031250e+01
-9.815397644042968750e+01
-9.537386322021484375e+01
-9.540129852294921875e+01
-9.423693847656250000e+01
-9.783505249023437500e+01
-9.379827880859375000e+01
-9.411165618896484375e+01
-9.451977539062500000e+01
-9.413036346435546875e+01
-9.416618347167968750e+01
-9.633113098144531250e+01
-9.724877929687500000e+01
-9.746394348144531250e+01
-9.725392150878906250e+01
-9.581596374511718750e+01
-9.654930114746093750e+01
-9.722521972656250000e+01
-9.722064208984375000e+01
-9.628250122070312500e+01
-9.691763305664062500e+01
-9.692279052734375000e+01
-9.577439880371093750e+01
-9.670358276367187500e+01
-9.578054809570312500e+01
-9.669842529296875000e+01
-9.625713348388671875e+01
-9.711540222167968750e+01
-9.688888549804687500e+01
-9.750749206542968750e+01
-9.631503295898437500e+01
-9.630947113037109375e+01
-9.710589599609375000e+01
-9.612951660156250000e+01
-9.655984497070312500e+01
-9.605865478515625000e+01
-9.660379791259765625e+01
-9.600669860839843750e+01
-9.701846313476562500e+01
-9.599467468261718750e+01
-9.617573547363281250e+01
-9.560910034179687500e+01
-9.607640075683593750e+01
-9.662126159667968750e+01
-9.606916809082031250e+01
-1.011467895507812500e+02
-9.599983978271484375e+01
-9.608451080322265625e+01
-9.561656188964843750e+01
-9.607705688476562500e+01
-9.562445068359375000e+01
-9.638886260986328125e+01
-9.618527984619140625e+01
-9.617739868164062500e+01
-9.655271911621093750e+01
-9.662849426269531250e+01
-9.598678588867187500e+01
-1.011305999755859375e+02
-9.569322967529296875e+01
-9.570111846923828125e+01
-9.606852722167968750e+01
-9.600048828125000000e+01
-9.616952514648437500e+01
-9.608428192138671875e+01
-9.609174346923828125e+01
-9.662870025634765625e+01
-9.701060485839843750e+01
-9.610647583007812500e+01
-9.655994415283203125e+01
-9.632186889648437500e+01
-9.665267944335937500e+01
-1.004359741210937500e+02
-9.702049255371093750e+01
-9.701394653320312500e+01
-9.603161621093750000e+01
-9.603817749023437500e+01
-1.013330841064453125e+02
-9.614173889160156250e+01
-9.668328857421875000e+01
-9.706799316406250000e+01
-9.663958740234375000e+01
-9.640792846679687500e+01
-9.623292541503906250e+01
-9.644898986816406250e+01
-9.779858398437500000e+01
-9.770155334472656250e+01
-9.728436279296875000e+01
-9.644396972656250000e+01
-9.781340026855468750e+01
-9.783334350585937500e+01
-9.726947021484375000e+01
-9.782366943359375000e+01
-9.782822418212890625e+01
-9.780371093750000000e+01
-9.607003784179687500e+01
-9.781852722167968750e+01
-9.813967895507812500e+01
-9.653695678710937500e+01
-9.717654418945312500e+01
-9.730639648437500000e+01
-9.636332702636718750e+01
-9.643301391601562500e+01
-9.644676971435546875e+01
-9.719090270996093750e+01
-9.683588409423828125e+01
-9.595962524414062500e+01
-9.595798492431640625e+01
-9.595272827148437500e+01
-9.629761505126953125e+01
-9.651773071289062500e+01
-9.624210357666015625e+01
-9.568928527832031250e+01
-9.735852050781250000e+01
-9.737286376953125000e+01
-9.574490356445312500e+01
-9.650505065917968750e+01
-9.575804901123046875e+01
-9.627939605712890625e+01
-9.573743438720703125e+01
-1.012157135009765625e+02
-9.734881591796875000e+01
-9.604989624023437500e+01
-9.629016113281250000e+01
-9.649718475341796875e+01
-9.621075439453125000e+01
-9.577048492431640625e+01
-9.596586608886718750e+01
-9.642190551757812500e+01
-9.576259613037109375e+01
-9.631072998046875000e+01
-9.612677001953125000e+01
-9.594484710693359375e+01
-9.611889648437500000e+01
-9.643566894531250000e+01
-9.661767578125000000e+01
-9.659972381591796875e+01
-9.717790222167968750e+01
-9.599989318847656250e+01
-9.562379455566406250e+01
-9.662127685546875000e+01
-9.580783081054687500e+01
-9.656715393066406250e+01
-1.011392364501953125e+02
-9.607639312744140625e+01
-9.602172851562500000e+01
-9.596553802490234375e+01
-9.606982421875000000e+01
-9.700513458251953125e+01
-9.617674255371093750e+01
-9.638423919677734375e+01
-9.618330383300781250e+01
-9.561106872558593750e+01
-9.602151489257812500e+01
-9.662804412841796875e+01
-9.616404724121093750e+01
-9.606326293945312500e+01
-9.657392120361328125e+01
-9.615450286865234375e+01
-9.561723327636718750e+01
-9.607574462890625000e+01
-9.617018127441406250e+01
-9.662191772460937500e+01
-9.611298370361328125e+01
-9.606261444091796875e+01
-9.652955627441406250e+01
-1.011381607055664062e+02
-9.701779937744140625e+01
-9.661536407470703125e+01
-9.701126098632812500e+01
-9.563037109375000000e+01
-1.011365585327148438e+02
-9.508847808837890625e+01
-9.696179199218750000e+01
-9.611100769042968750e+01
-9.609042358398437500e+01
-1.012454681396484375e+02
-9.611165618896484375e+01
-9.568665313720703125e+01
-9.606399536132812500e+01
-9.616821289062500000e+01
-1.011587753295898438e+02
-9.655926513671875000e+01
-9.605610656738281250e+01
-9.609107971191406250e+01
-9.567393493652343750e+01
-9.612538146972656250e+01
-9.751636505126953125e+01
-9.659352111816406250e+01
-9.568139648437500000e+01
-1.011614532470703125e+02
-9.596751403808593750e+01
-9.598065185546875000e+01
-9.658629608154296875e+01
-9.607772064208984375e+01
-9.660670471191406250e+01
-9.569454956054687500e+01
-9.608560180664062500e+01
-9.653871917724609375e+01
-9.612055206298828125e+01
-9.598809814453125000e+01
-9.604298400878906250e+01
-9.713971710205078125e+01
-9.563892364501953125e+01
-9.611267852783203125e+01
-9.607669830322265625e+01
-9.604275512695312500e+01
-9.609831237792968750e+01
-9.610185241699218750e+01
-9.621565246582031250e+01
-9.620532989501953125e+01
-9.543515777587890625e+01
-9.600640869140625000e+01
-9.599851989746093750e+01
-9.661185455322265625e+01
-9.588427734375000000e+01
-9.748357391357421875e+01
-9.814663696289062500e+01
-9.618069458007812500e+01
-9.815689086914062500e+01
-9.816093444824218750e+01
-9.817117309570312500e+01
-9.818084716796875000e+01
-9.630001831054687500e+01
-9.614378356933593750e+01
-9.574238586425781250e+01
-9.704035949707031250e+01
-9.703250122070312500e+01
-9.666593933105468750e+01
-9.696406555175781250e+01
-9.667380523681640625e+01
-9.622154998779296875e+01
-1.043542175292968750e+02
-9.704821014404296875e+01
-9.603489685058593750e+01
-9.611435699462890625e+01
-9.622942352294921875e+01
-9.665064239501953125e+01
-9.705564880371093750e+01
-1.011988372802734375e+02
-9.665850830078125000e+01
-9.615165710449218750e+01
-9.615911865234375000e+01
-9.644493103027343750e+01
-9.672178649902343750e+01
-9.589905548095703125e+01
-9.637544250488281250e+01
-9.636888122558593750e+01
-9.589291381835937500e+01
-9.674363708496093750e+01
-9.673709106445312500e+01
-9.727233886718750000e+01
-9.724363708496093750e+01
-1.015210418701171875e+02
-9.578712463378906250e+01
-9.742098999023437500e+01
-9.742555236816406250e+01
-9.687916564941406250e+01
-9.571083068847656250e+01
-9.673692321777343750e+01
-9.573283386230468750e+01
-9.670816040039062500e+01
-9.571705627441406250e+01
-9.571090698242187500e+01
-9.674208068847656250e+01
-9.715840148925781250e+01
-9.688431549072265625e+01
-9.569512939453125000e+01
-9.570468139648437500e+01
-9.676510620117187500e+01
-9.564082336425781250e+01
-9.739234161376953125e+01
-9.723905944824218750e+01
-1.015195159912109375e+02
-9.444949340820312500e+01
-9.677998352050781250e+01
-9.676052856445312500e+01
-9.741585540771484375e+01
-9.674049377441406250e+01
-1.014615783691406250e+02
-1.015245666503906250e+02
-9.573933410644531250e+01
-9.686076354980468750e+01
-9.738260650634765625e+01
-9.728204345703125000e+01
-9.573020172119140625e+01
-9.564739990234375000e+01
-9.572363281250000000e+01
-9.727748107910156250e+01
-9.672661590576171875e+01
-9.565354919433593750e+01
-9.568898010253906250e+01
-9.738717651367187500e+01
-9.730203247070312500e+01
-1.015225830078125000e+02
-9.568240356445312500e+01
-9.575862121582031250e+01
-9.570433044433593750e+01
-9.675537109375000000e+01
-9.575241088867187500e+01
-9.741071319580078125e+01
-9.575897979736328125e+01
-9.572397613525390625e+01
-9.571740722656250000e+01
-9.589596557617187500e+01
-9.701918029785156250e+01
-9.508507537841796875e+01
-9.618786621093750000e+01
-9.670155334472656250e+01
-9.513301086425781250e+01
-9.668197631835937500e+01
-9.612771606445312500e+01
-9.697772216796875000e+01
-9.705402374267578125e+01
-9.603292846679687500e+01
-9.604869079589843750e+01
-9.703219604492187500e+01
-9.666667175292968750e+01
-9.511488342285156250e+01
-9.666012573242187500e+01
-9.667585754394531250e+01
-9.974707794189453125e+01
-9.665429687500000000e+01
-9.607905578613281250e+01
-9.584611511230468750e+01
-9.583822631835937500e+01
-9.607117462158203125e+01
-9.938704681396484375e+01
-9.949795532226562500e+01
-1.014773025512695312e+02
-1.011870269775390625e+02
-9.089253234863281250e+01
-9.725337982177734375e+01
-9.570271301269531250e+01
-9.650469970703125000e+01
-9.687969970703125000e+01
-9.726772308349609375e+01
-9.572428894042968750e+01
-9.580216979980468750e+01
-9.742559051513671875e+01
-9.569745635986328125e+01
-9.571017456054687500e+01
-9.724366760253906250e+01
-9.571156311035156250e+01
-9.676971435546875000e+01
-9.686533355712890625e+01
-9.743936157226562500e+01
-1.015267105102539062e+02
-9.573217773437500000e+01
-9.568832397460937500e+01
-9.671277618408203125e+01
-9.563227844238281250e+01
-9.729743194580078125e+01
-9.568955993652343750e+01
-9.659757995605468750e+01
-9.577989196777343750e+01
-9.738261413574218750e+01
-9.564016723632812500e+01
-9.578945159912109375e+01
-9.735424804687500000e+01
-1.012790222167968750e+02
-9.548620605468750000e+01
-9.548005676269531250e+01
-9.598252868652343750e+01
-9.645402526855468750e+01
-9.555632019042968750e+01
-9.550199890136718750e+01
-9.550594329833984375e+01
-9.620558929443359375e+01
-9.547280883789062500e+01
-9.628625488281250000e+01
-9.729763031005859375e+01
-9.780988311767578125e+01
-9.595446014404296875e+01
-9.648793029785156250e+01
-9.802349853515625000e+01
-9.664628601074218750e+01
-9.779962158203125000e+01
-9.784199523925781250e+01
-9.785225677490234375e+01
-9.746923828125000000e+01
-9.665602111816406250e+01
-9.785630798339843750e+01
-9.647354125976562500e+01
-9.646379852294921875e+01
-9.612001037597656250e+01
-9.751167297363281250e+01
-9.647761535644531250e+01
-1.020956802368164062e+02
-9.817114257812500000e+01
-9.816659545898437500e+01
-9.816146850585937500e+01
-9.817626190185546875e+01
-9.815634155273437500e+01
-9.748817443847656250e+01
-9.617659759521484375e+01
-9.630412292480468750e+01
-8.966242980957031250e+01
-9.558190155029296875e+01
-9.556875610351562500e+01
-9.641816711425781250e+01
-9.614237976074218750e+01
-9.642223358154296875e+01
-9.710282897949218750e+01
-9.744399261474609375e+01
-9.688377380371093750e+01
-9.651039886474609375e+01
-9.710688781738281250e+01
-9.689814758300781250e+01
-9.709252929687500000e+01
-9.650062561035156250e+01
-9.745776367187500000e+01
-9.648623657226562500e+01
-9.560252380371093750e+01
-9.711254882812500000e+01
-9.711718750000000000e+01
-9.559463500976562500e+01
-9.558937072753906250e+01
-9.563752746582031250e+01
-9.643255615234375000e+01
-9.640841674804687500e+01
-9.648448944091796875e+01
-9.693538665771484375e+01
-9.605284118652343750e+01
-9.649236297607421875e+01
-9.701892089843750000e+01
-9.617601013183593750e+01
-9.601361083984375000e+01
-9.662223052978515625e+01
-9.562182617187500000e+01
-9.554557800292968750e+01
-9.664967346191406250e+01
-9.608589172363281250e+01
-9.588835906982421875e+01
-9.627449035644531250e+01
-9.604794311523437500e+01
-9.663009643554687500e+01
-9.669178771972656250e+01
-9.619798278808593750e+01
-9.665026855468750000e+01
-9.620585632324218750e+01
-9.561393737792968750e+01
-9.615515899658203125e+01
-9.658113098144531250e+01
-9.602107238769531250e+01
-9.623912811279296875e+01
-9.592333984375000000e+01
-9.615413665771484375e+01
-9.596289062500000000e+01
-9.605581665039062500e+01
-9.652236938476562500e+01
-9.557891845703125000e+01
-9.662324523925781250e+01
-9.562971496582031250e+01
-9.557144927978515625e+01
-9.591587829589843750e+01
-9.476164245605468750e+01
-9.652296447753906250e+01
-9.778425598144531250e+01
-9.655349731445312500e+01
-9.769236755371093750e+01
-9.783285522460937500e+01
-9.781290435791015625e+01
-9.782416534423828125e+01
-9.784765625000000000e+01
-9.759088134765625000e+01
-9.779965209960937500e+01
-9.728382110595703125e+01
-9.781903076171875000e+01
-9.729871368408203125e+01
-1.012340087890625000e+02
-9.593637084960937500e+01
-9.585757446289062500e+01
-9.604100036621093750e+01
-9.563694763183593750e+01
-9.628128814697265625e+01
-9.663075256347656250e+01
-9.603486633300781250e+01
-9.554492187500000000e+01
-9.623365020751953125e+01
-9.607867431640625000e+01
-9.613288879394531250e+01
-9.658703613281250000e+01
-9.555106353759765625e+01
-9.610414123535156250e+01
-9.664962005615234375e+01
-9.658047485351562500e+01
-9.642115020751953125e+01
-9.614178466796875000e+01
-9.623978424072265625e+01
-9.668719482421875000e+01
-9.613523101806640625e+01
-9.614836120605468750e+01
-9.587630462646484375e+01
-9.668486022949218750e+01
-9.588902282714843750e+01
-9.588244628906250000e+01
-9.556420898437500000e+01
-9.598677062988281250e+01
-9.555763244628906250e+01
-9.605647277832031250e+01
-9.602830505371093750e+01
-9.611070251464843750e+01
-9.642631530761718750e+01
-9.775651550292968750e+01
-9.430469512939453125e+01
-9.818650817871093750e+01
-9.651446533203125000e+01
-9.660736083984375000e+01
-9.725798034667968750e+01
-9.672769927978515625e+01
-9.725283813476562500e+01
-9.726313018798828125e+01
-9.743019104003906250e+01
-1.015343627929687500e+02
-9.737344360351562500e+01
-9.573152160644531250e+01
-9.686994934082031250e+01
-9.578879547119140625e+01
-9.563951110839843750e+01
-9.743476104736328125e+01
-9.729283142089843750e+01
-9.572494506835937500e+01
-9.571837615966796875e+01
-9.569021606445312500e+01
-9.687509918212890625e+01
-9.577308654785156250e+01
-9.570951080322265625e+01
-1.015359039306640625e+02
-9.671739196777343750e+01
-9.570336914062500000e+01
-9.569679260253906250e+01
-9.677433776855468750e+01
-9.563293457031250000e+01
-9.558059692382812500e+01
-9.651556396484375000e+01
-9.713204193115234375e+01
-9.739777374267578125e+01
-9.559594726562500000e+01
-1.022090530395507812e+02
-9.711204528808593750e+01
-9.708332061767578125e+01
-9.709767913818359375e+01
-9.646725463867187500e+01
-9.689299011230468750e+01
-9.690736389160156250e+01
-9.744856262207031250e+01
-9.641300201416015625e+01
-9.560383605957031250e+01
-9.743479919433593750e+01
-1.022256164550781250e+02
-9.563885498046875000e+01
-9.639917755126953125e+01
-9.558805847167968750e+01
-9.648165130615234375e+01
-9.673288726806640625e+01
-9.710333251953125000e+01
-9.652995300292968750e+01
-9.712639617919921875e+01
-9.568299102783203125e+01
-9.058021545410156250e+01
-9.629446411132812500e+01
-9.801271057128906250e+01
-9.815176391601562500e+01
-9.816605377197265625e+01
-9.803263854980468750e+01
-9.761782073974609375e+01
-9.747843933105468750e+01
-9.628069305419921875e+01
-9.760007476806640625e+01
-9.424385070800781250e+01
-9.408563232421875000e+01
-9.120324707031250000e+01
-9.450068664550781250e+01
-9.418363952636718750e+01
-9.622352600097656250e+01
-9.623008728027343750e+01
-9.802349090576171875e+01
-9.640406799316406250e+01
-9.801837158203125000e+01
-9.819972229003906250e+01
-9.800811767578125000e+01
-9.801323699951171875e+01
-9.740151977539062500e+01
-9.675588226318359375e+01
-9.731124877929687500e+01
-1.015077362060546875e+02
-9.741181945800781250e+01
-9.577301025390625000e+01
-9.572529602050781250e+01
-9.573801422119140625e+01
-9.673126220703125000e+01
-9.566801452636718750e+01
-9.729124450683593750e+01
-9.565486145019531250e+01
-9.672611999511718750e+01
-9.570959472656250000e+01
-9.566143798828125000e+01
-9.570301818847656250e+01
-9.571872711181640625e+01
-9.573144531250000000e+01
-9.673583984375000000e+01
-9.739637756347656250e+01
-9.574459075927734375e+01
-9.674615478515625000e+01
-9.739180755615234375e+01
-9.675129699707031250e+01
-9.569644165039062500e+01
-9.740665435791015625e+01
-9.569029235839843750e+01
-9.623402404785156250e+01
-9.641421508789062500e+01
-9.595114135742187500e+01
-9.734367370605468750e+01
-9.722417449951171875e+01
-9.660278320312500000e+01
-9.595831298828125000e+01
-9.658839416503906250e+01
-9.594615936279296875e+01
-9.618885803222656250e+01
-9.576127624511718750e+01
-9.624867248535156250e+01
-9.589293670654296875e+01
-9.720981597900390625e+01
-9.619673919677734375e+01
-9.624079132080078125e+01
-9.602273559570312500e+01
-9.573875427246093750e+01
-9.574621582031250000e+01
-9.616469573974609375e+01
-9.623292541503906250e+01
-9.657400512695312500e+01
-9.700279235839843750e+01
-9.649105072021484375e+01
-9.576916503906250000e+01
-9.719603729248046875e+01
-9.605603790283203125e+01
-9.620419311523437500e+01
-9.604857635498046875e+01
-9.612020874023437500e+01
-9.627572631835937500e+01
-9.736369323730468750e+01
-9.597200775146484375e+01
-9.642860412597656250e+01
-9.628360748291015625e+01
-9.615391540527343750e+01
-9.597988891601562500e+01
-9.595404052734375000e+01
-9.603770446777343750e+01
-9.650468444824218750e+01
-9.647146606445312500e+01
-9.543317413330078125e+01
-9.659481811523437500e+01
-9.643975830078125000e+01
-9.618164062500000000e+01
-9.597267150878906250e+01
-9.604924011230468750e+01
-9.624801635742187500e+01
-9.735395812988281250e+01
-9.720065307617187500e+01
-9.619740295410156250e+01
-9.624145507812500000e+01
-9.656423950195312500e+01
-9.720521545410156250e+01
-9.617149353027343750e+01
-9.573941040039062500e+01
-9.605538177490234375e+01
-9.731095123291015625e+01
-9.620353698730468750e+01
-9.576194763183593750e+01
-9.649039459228515625e+01
-9.574555969238281250e+01
-9.622612762451171875e+01
-9.648384094238281250e+01
-9.627638244628906250e+01
-9.618820190429687500e+01
-9.668946075439453125e+01
-9.659301757812500000e+01
-1.011241455078125000e+02
-9.614669036865234375e+01
-9.595338439941406250e+01
-9.659815979003906250e+01
-9.723391723632812500e+01
-9.594680786132812500e+01
-9.597923278808593750e+01
-9.628294372558593750e+01
-9.459045410156250000e+01
-9.659623718261718750e+01
-9.613722229003906250e+01
-9.702595520019531250e+01
-9.668035888671875000e+01
-9.620711517333984375e+01
-9.704689788818359375e+01
-9.627574157714843750e+01
-9.664408874511718750e+01
-9.703381347656250000e+01
-9.615034484863281250e+01
-9.609700775146484375e+01
-1.012003631591796875e+02
-9.614509582519531250e+01
-9.622811889648437500e+01
-9.697846221923828125e+01
-9.612838745117187500e+01
-9.432901000976562500e+01
-9.429464721679687500e+01
-9.428247070312500000e+01
-9.130564880371093750e+01
-9.784049224853515625e+01
-9.760436248779296875e+01
-9.423081970214843750e+01
-9.425807189941406250e+01
-9.624523925781250000e+01
-9.781343078613281250e+01
-9.643990325927734375e+01
-9.646681976318359375e+01
-9.779911804199218750e+01
-9.778480529785156250e+01
-9.798062133789062500e+01
-9.796635437011718750e+01
-9.786708068847656250e+01
-9.725569915771484375e+01
-9.711610412597656250e+01
-9.767115783691406250e+01
-9.658464813232421875e+01
-1.022709350585937500e+02
-9.610958862304687500e+01
-9.731248474121093750e+01
-9.609435272216796875e+01
-9.645306396484375000e+01
-9.661700439453125000e+01
-9.615409851074218750e+01
-9.586038208007812500e+01
-9.007287597656250000e+01
-9.557466888427734375e+01
-9.648165893554687500e+01
-9.645343780517578125e+01
-9.651039886474609375e+01
-9.740557098388671875e+01
-9.565091705322265625e+01
-9.707465362548828125e+01
-1.014944152832031250e+02
-9.566670227050781250e+01
-9.564476776123046875e+01
-9.651498413085937500e+01
-9.758742523193359375e+01
-9.706950378417968750e+01
-9.761094665527343750e+01
-9.767277526855468750e+01
-9.704653930664062500e+01
-9.755419921875000000e+01
-9.712635803222656250e+01
-9.644233703613281250e+01
-9.743424987792968750e+01
-9.566012573242187500e+01
-9.555931091308593750e+01
-9.604927062988281250e+01
-9.605715942382812500e+01
-9.584480285644531250e+01
-1.013652877807617188e+02
-9.608299255371093750e+01
-9.677307128906250000e+01
-9.664775085449218750e+01
-9.664030456542968750e+01
-9.606503295898437500e+01
-9.616436767578125000e+01
-1.013490524291992188e+02
-1.011850280761718750e+02
-9.612319946289062500e+01
-9.661837768554687500e+01
-9.668692016601562500e+01
-9.663796234130859375e+01
-9.557931518554687500e+01
-9.660263824462890625e+01
-9.699243164062500000e+01
-9.619186401367187500e+01
-9.702726745605468750e+01
-9.670812988281250000e+01
-9.703512573242187500e+01
-9.669049835205078125e+01
-9.602438354492187500e+01
-9.601692962646484375e+01
-9.665560913085937500e+01
-9.600904846191406250e+01
-9.417351531982421875e+01
-9.476230621337890625e+01
-9.432065582275390625e+01
-9.431457519531250000e+01
-9.433758544921875000e+01
-9.434419250488281250e+01
-9.439209747314453125e+01
-9.645748138427734375e+01
-9.553833770751953125e+01
-9.749667358398437500e+01
-9.648847198486328125e+01
-9.649305725097656250e+01
-9.644637298583984375e+01
-9.693199920654296875e+01
-9.701863098144531250e+01
-9.559265136718750000e+01
-9.691654968261718750e+01
-9.558607482910156250e+01
-9.764361572265625000e+01
-9.763848876953125000e+01
-9.557993316650390625e+01
-9.692169952392578125e+01
-9.645232391357421875e+01
-9.701348114013671875e+01
-1.022304382324218750e+02
-9.697344970703125000e+01
-9.643605804443359375e+01
-1.018687438964843750e+02
-9.457705688476562500e+01
-9.418199157714843750e+01
-9.416247558593750000e+01
-9.414130401611328125e+01
-9.549343872070312500e+01
-9.607991027832031250e+01
-9.550660705566406250e+01
-9.600114440917968750e+01
-9.644940185546875000e+01
-9.554908752441406250e+01
-9.550134277343750000e+01
-9.551573181152343750e+01
-9.695040893554687500e+01
-9.644532775878906250e+01
-1.022518768310546875e+02
-1.022564239501953125e+02
-9.761550140380859375e+01
-1.022724304199218750e+02
-1.022684402465820312e+02
-9.552320861816406250e+01
-9.706031799316406250e+01
-9.753044128417968750e+01
-9.705572509765625000e+01
-9.695504760742187500e+01
-9.707007598876953125e+01
-9.751046752929687500e+01
-9.698478698730468750e+01
-9.598967742919921875e+01
-9.697041320800781250e+01
-9.599755859375000000e+01
-9.699450683593750000e+01
-9.555865478515625000e+01
-9.453320312500000000e+01
-9.454536437988281250e+01
-9.409863281250000000e+01
-9.457788848876953125e+01
-9.458396148681640625e+01
-9.591093444824218750e+01
-9.606947326660156250e+01
-9.605676269531250000e+01
-9.567458343505859375e+01
-9.570045471191406250e+01
-9.607838439941406250e+01
-9.597473144531250000e+01
-1.012379150390625000e+02
-9.605020141601562500e+01
-9.606333923339843750e+01
-1.003376159667968750e+02
-9.598744201660156250e+01
-9.654550933837890625e+01
-9.568074035644531250e+01
-9.611990356445312500e+01
-9.610443115234375000e+01
-9.659286499023437500e+01
-9.599401092529296875e+01
-9.612604522705078125e+01
-9.659982299804687500e+01
-9.611332702636718750e+01
-9.712996673583984375e+01
-9.659350585937500000e+01
-9.609829711914062500e+01
-9.569387817382812500e+01
-9.608494567871093750e+01
-9.598130798339843750e+01
-9.609765625000000000e+01
-9.610676574707031250e+01
-9.568731689453125000e+01
-9.609172058105468750e+01
-9.504201507568359375e+01
-9.609108734130859375e+01
-1.011690063476562500e+02
-9.794691467285156250e+01
-9.824090576171875000e+01
-9.818493652343750000e+01
-9.823635864257812500e+01
-9.459656524658203125e+01
-9.459086608886718750e+01
-9.646617126464843750e+01
-9.630037689208984375e+01
-9.689350891113281250e+01
-9.690380096435546875e+01
-9.691816711425781250e+01
-9.724931335449218750e+01
-9.690786743164062500e+01
-9.668865966796875000e+01
-9.631092834472656250e+01
-9.629714965820312500e+01
-9.712001037597656250e+01
-9.624859619140625000e+01
-9.722525024414062500e+01
-9.723497009277343750e+01
-9.657345581054687500e+01
-9.625647735595703125e+01
-9.655907440185546875e+01
-9.624334716796875000e+01
-9.723902893066406250e+01
-9.623590087890625000e+01
-9.678816223144531250e+01
-9.749774932861328125e+01
-9.737609863281250000e+01
-9.544173431396484375e+01
-9.658761596679687500e+01
-9.599458312988281250e+01
-9.573583984375000000e+01
-9.606173706054687500e+01
-1.014551315307617188e+02
-1.014539871215820312e+02
-9.584020996093750000e+01
-9.584677124023437500e+01
-9.572366333007812500e+01
-9.583099365234375000e+01
-9.609242248535156250e+01
-9.669122314453125000e+01
-9.690257263183593750e+01
-9.697964477539062500e+01
-9.573735809326171875e+01
-9.750691223144531250e+01
-9.708615112304687500e+01
-9.725445556640625000e+01
-9.669789123535156250e+01
-9.705803680419921875e+01
-9.672665405273437500e+01
-9.710050964355468750e+01
-9.622933959960937500e+01
-9.631648254394531250e+01
-9.576060485839843750e+01
-9.732505798339843750e+01
-9.676921081542968750e+01
-9.575314331054687500e+01
-9.574525451660156250e+01
-9.671226501464843750e+01
-9.696527862548828125e+01
-9.724011230468750000e+01
-9.707235717773437500e+01
-9.674045562744140625e+01
-9.634343719482421875e+01
-9.752124786376953125e+01
-9.692274475097656250e+01
-9.690898895263671875e+01
-9.566113281250000000e+01
-9.600735473632812500e+01
-9.563169097900390625e+01
-9.561590576171875000e+01
-9.601067352294921875e+01
-9.600706481933593750e+01
-9.608362579345703125e+01
-9.608384704589843750e+01
-9.701911926269531250e+01
-9.661404418945312500e+01
-9.618171691894531250e+01
-9.662936401367187500e+01
-9.663591003417968750e+01
-9.597998809814453125e+01
-9.606195068359375000e+01
-9.508036804199218750e+01
-9.616886901855468750e+01
-9.606129455566406250e+01
-9.655992126464843750e+01
-9.618461608886718750e+01
-9.617805480957031250e+01
-9.607771301269531250e+01
-9.570178222656250000e+01
-9.617507934570312500e+01
-9.662915039062500000e+01
-9.609240722656250000e+01
-9.607706451416015625e+01
-1.011539001464843750e+02
-9.609896087646484375e+01
-9.600770568847656250e+01
-9.700382995605468750e+01
-9.568598937988281250e+01
-9.639863586425781250e+01
-9.702565765380859375e+01
-9.560974884033203125e+01
-9.421823883056640625e+01
-9.422432708740234375e+01
-9.611680603027343750e+01
-9.657499694824218750e+01
-9.797606658935546875e+01
-9.797090148925781250e+01
-9.643025207519531250e+01
-9.711149597167968750e+01
-9.788597106933593750e+01
-9.766888427734375000e+01
-9.781803131103515625e+01
-1.021731414794921875e+02
-9.827003479003906250e+01
-9.767575073242187500e+01
-9.778939819335937500e+01
-9.786248016357421875e+01
-9.646271514892578125e+01
-9.726029968261718750e+01
-9.779453277587890625e+01
-9.645716857910156250e+01
-9.610414123535156250e+01
-9.627049255371093750e+01
-9.623074340820312500e+01
-9.622286224365234375e+01
-9.701330566406250000e+01
-9.667651367187500000e+01
-9.706079101562500000e+01
-9.603096008300781250e+01
-9.640071105957031250e+01
-1.012617034912109375e+02
-9.603883361816406250e+01
-9.702114868164062500e+01
-1.005015258789062500e+02
-9.614895629882812500e+01
-9.556101989746093750e+01
-9.638333892822265625e+01
-9.420069122314453125e+01
-9.762565612792968750e+01
-9.540518188476562500e+01
-9.784393310546875000e+01
-9.726258850097656250e+01
-9.569613647460937500e+01
-9.674668884277343750e+01
-9.676049804687500000e+01
-9.740208435058593750e+01
-9.687455749511718750e+01
-9.728822326660156250e+01
-9.571148681640625000e+01
-9.570236206054687500e+01
-9.723445892333984375e+01
-9.625515747070312500e+01
-9.578024291992187500e+01
-9.571771240234375000e+01
-9.571025085449218750e+01
-9.743016052246093750e+01
-1.015287017822265625e+02
-9.688891601562500000e+01
-9.673231506347656250e+01
-9.741639709472656250e+01
-9.657804107666015625e+01
-9.572560119628906250e+01
-9.570402526855468750e+01
-9.724823760986328125e+01
-9.561824035644531250e+01
-9.563359069824218750e+01
-9.550791931152343750e+01
-9.550002288818359375e+01
-9.549213409423828125e+01
-9.598449707031250000e+01
-9.599238586425781250e+01
-9.424594879150390625e+01
-9.624672698974609375e+01
-1.018742828369140625e+02
-9.797496032714843750e+01
-9.821806335449218750e+01
-9.820777893066406250e+01
-9.765455627441406250e+01
-9.798519897460937500e+01
-9.798008728027343750e+01
-9.628186798095703125e+01
-9.599589538574218750e+01
-9.660202026367187500e+01
-9.655137634277343750e+01
-9.422993469238281250e+01
-9.622615051269531250e+01
-9.623271179199218750e+01
-9.699212646484375000e+01
-9.512342071533203125e+01
-9.604080200195312500e+01
-9.704616546630859375e+01
-9.661999511718750000e+01
-9.512918090820312500e+01
-9.611369323730468750e+01
-9.703962707519531250e+01
-9.623622131347656250e+01
-9.603424072265625000e+01
-1.020034561157226562e+02
-1.012390670776367188e+02
-1.019580993652343750e+02
-9.600970458984375000e+01
-9.667025756835937500e+01
-9.622981262207031250e+01
-9.511208343505859375e+01
-9.645087432861328125e+01
-9.630849456787109375e+01
-9.596652221679687500e+01
-9.594418334960937500e+01
-9.636267089843750000e+01
-9.632672119140625000e+01
-9.630483245849609375e+01
-9.583200073242187500e+01
-9.621665954589843750e+01
-9.628618621826171875e+01
-9.734878540039062500e+01
-9.613399505615234375e+01
-9.575869750976562500e+01
-9.575213623046875000e+01
-9.567591094970703125e+01
-9.568205261230468750e+01
-9.596028137207031250e+01
-9.731555938720703125e+01
-9.719551086425781250e+01
-9.628951263427734375e+01
-9.660038757324218750e+01
-9.623489379882812500e+01
-9.621009826660156250e+01
-9.603610229492187500e+01
-9.641780090332031250e+01
-9.657295227050781250e+01
-9.657899475097656250e+01
-9.604267883300781250e+01
-9.595996093750000000e+01
-1.012232666015625000e+02
-9.644532012939453125e+01
-9.631139373779296875e+01
-9.595075988769531250e+01
-9.671012878417968750e+01
-9.557533264160156250e+01
-9.713610839843750000e+01
-9.706489562988281250e+01
-9.573902893066406250e+01
-9.709361267089843750e+01
-9.757826232910156250e+01
-9.707925415039062500e+01
-9.756393432617187500e+01
-9.649143218994140625e+01
-9.759202575683593750e+01
-9.566735839843750000e+01
-9.705113983154296875e+01
-9.565946960449218750e+01
-9.555996704101562500e+01
-9.650578308105468750e+01
-9.558322143554687500e+01
-9.760634613037109375e+01
-9.573113250732421875e+01
-9.741017913818359375e+01
-9.767736816406250000e+01
-9.556743621826171875e+01
-9.565158081054687500e+01
-9.651959228515625000e+01
-9.754959106445312500e+01
-9.712175750732421875e+01
-9.739640808105468750e+01
-9.702499389648437500e+01
-9.701191711425781250e+01
-9.618395996093750000e+01
-9.718786621093750000e+01
-9.716378784179687500e+01
-9.662257385253906250e+01
-9.606260681152343750e+01
-9.608319091796875000e+01
-9.662193298339843750e+01
-9.617608642578125000e+01
-9.563103485107421875e+01
-9.561788940429687500e+01
-9.607048797607421875e+01
-9.617083740234375000e+01
-9.656671142578125000e+01
-1.011452636718750000e+02
-9.615384674072265625e+01
-9.639402770996093750e+01
-9.570243835449218750e+01
-9.507535552978515625e+01
-9.601493835449218750e+01
-9.617442321777343750e+01
-9.597275543212890625e+01
-9.562313842773437500e+01
-9.656649780273437500e+01
-9.606195831298828125e+01
-9.608296966552734375e+01
-9.561041259765625000e+01
-9.700448608398437500e+01
-9.653019714355468750e+01
-9.601429748535156250e+01
-9.624343872070312500e+01
-9.604146575927734375e+01
-9.512225341796875000e+01
-9.705336761474609375e+01
-9.513420104980468750e+01
-9.612049865722656250e+01
-1.013726501464843750e+02
-9.698493194580078125e+01
-9.666864013671875000e+01
-9.603358459472656250e+01
-9.703285217285156250e+01
-9.639659118652343750e+01
-9.591899108886718750e+01
-9.645790100097656250e+01
-9.585882568359375000e+01
-9.632840728759765625e+01
-9.626435089111328125e+01
-9.627580261230468750e+01
-9.594001770019531250e+01
-9.625357055664062500e+01
-9.589161682128906250e+01
-9.626268768310546875e+01
-9.670935058593750000e+01
-9.710162353515625000e+01
-9.626792907714843750e+01
-9.634897613525390625e+01
-9.634109497070312500e+01
-9.655503845214843750e+01
-9.654472351074218750e+01
-9.625881958007812500e+01
-9.625480651855468750e+01
-9.720061492919921875e+01
-9.707128906250000000e+01
-9.641136169433593750e+01
-9.624569702148437500e+01
-9.626626586914062500e+01
-9.721089172363281250e+01
-9.628491973876953125e+01
-9.671720886230468750e+01
-9.578363037109375000e+01
-9.672215270996093750e+01
-9.635954284667968750e+01
-9.669667053222656250e+01
-9.597857666015625000e+01
-9.592300415039062500e+01
-9.592687988281250000e+01
-9.718682861328125000e+01
-9.593212890625000000e+01
-9.627705383300781250e+01
-9.736344909667968750e+01
-9.631913757324218750e+01
-9.570885467529296875e+01
-9.669904327392578125e+01
-9.670819091796875000e+01
-9.691302490234375000e+01
-9.724417114257812500e+01
-9.577374267578125000e+01
-9.692739105224609375e+01
-9.634078979492187500e+01
-9.669381713867187500e+01
-9.688427734375000000e+01
-9.689865112304687500e+01
-9.624203491210937500e+01
-9.725851440429687500e+01
-9.721604156494140625e+01
-9.630537414550781250e+01
-9.655392456054687500e+01
-9.624990844726562500e+01
-9.722982025146484375e+01
-9.580873107910156250e+01
-9.711080169677734375e+01
-9.677894592285156250e+01
-9.629216766357421875e+01
-9.593645477294921875e+01
-9.658893585205078125e+01
-9.662747955322265625e+01
-9.662092590332031250e+01
-9.621430969238281250e+01
-9.603479003906250000e+01
-9.619609069824218750e+01
-9.622087097167968750e+01
-9.623358154296875000e+01
-9.624670410156250000e+01
-9.624014282226562500e+01
-9.618295288085937500e+01
-9.721957397460937500e+01
-9.733503723144531250e+01
-9.600894165039062500e+01
-9.626850891113281250e+01
-9.618951416015625000e+01
-9.666236877441406250e+01
-9.622744750976562500e+01
-9.732986450195312500e+01
-9.620878601074218750e+01
-9.598055267333984375e+01
-9.721442413330078125e+01
-9.602207946777343750e+01
-9.602865600585937500e+01
-9.732472229003906250e+01
-9.658377838134765625e+01
-9.598712158203125000e+01
-9.657861328125000000e+01
-9.601551055908203125e+01
-9.599325561523437500e+01
-9.621534729003906250e+01
-9.722471618652343750e+01
-9.657347106933593750e+01
-9.626237487792968750e+01
-1.020779724121093750e+02
-9.596151733398437500e+01
-9.647761535644531250e+01
-9.650228881835937500e+01
-9.801435852050781250e+01
-9.798062133789062500e+01
-9.639031219482421875e+01
-9.648219299316406250e+01
-9.798574829101562500e+01
-9.767119598388671875e+01
-9.730680084228515625e+01
-9.652590942382812500e+01
-9.649770355224609375e+01
-9.636278533935546875e+01
-9.612722778320312500e+01
-9.663136291503906250e+01
-9.614912414550781250e+01
-9.663651275634765625e+01
-9.746061706542968750e+01
-9.623753356933593750e+01
-9.624409484863281250e+01
-9.432024383544921875e+01
-9.433692932128906250e+01
-9.440594482421875000e+01
-9.450679016113281250e+01
-9.954008483886718750e+01
-9.409904479980468750e+01
-9.457177734375000000e+01
-9.418405151367187500e+01
-9.417714691162109375e+01
-9.620587158203125000e+01
-9.621102905273437500e+01
-9.620071411132812500e+01
-9.647277832031250000e+01
-9.543449401855468750e+01
-9.765528869628906250e+01
-9.419055175781250000e+01
-9.694579315185546875e+01
-9.754879760742187500e+01
-9.693092346191406250e+01
-9.707983398437500000e+01
-9.762928771972656250e+01
-9.646535491943359375e+01
-1.022492675781250000e+02
-9.646891784667968750e+01
-9.706492614746093750e+01
-9.692577362060546875e+01
-9.699454498291015625e+01
-9.647407531738281250e+01
-9.644070434570312500e+01
-9.695094299316406250e+01
-9.553044128417968750e+01
-9.699912261962890625e+01
-9.695965576171875000e+01
-9.557203674316406250e+01
-9.644528961181640625e+01
-9.556546020507812500e+01
-9.553701782226562500e+01
-9.378527832031250000e+01
-9.411774444580078125e+01
-9.412465667724609375e+01
-9.453928375244140625e+01
-9.453237915039062500e+01
-9.418569946289062500e+01
-9.592848968505859375e+01
-9.674916076660156250e+01
-9.717193603515625000e+01
-9.592234802246093750e+01
-9.634955596923828125e+01
-9.625422668457031250e+01
-9.675018310546875000e+01
-9.632118225097656250e+01
-9.673054504394531250e+01
-9.627348327636718750e+01
-9.632408142089843750e+01
-9.628005218505859375e+01
-9.587977600097656250e+01
-9.709187316894531250e+01
-9.707182312011718750e+01
-9.580358886718750000e+01
-9.647225952148437500e+01
-9.629213714599609375e+01
-9.583857727050781250e+01
-9.636364746093750000e+01
-9.702365875244140625e+01
-9.585334777832031250e+01
-9.717708587646484375e+01
-9.640725708007812500e+01
-9.629827880859375000e+01
-9.590562438964843750e+01
-9.593804931640625000e+01
-9.585949707031250000e+01
-9.591219329833984375e+01
-9.708672332763671875e+01
-9.578428649902343750e+01
-1.012006301879882812e+02
-9.593147277832031250e+01
-9.633327484130859375e+01
-9.631752014160156250e+01
-9.588633728027343750e+01
-9.641281890869140625e+01
-9.668267822265625000e+01
-9.675631713867187500e+01
-9.635865783691406250e+01
-9.631462860107421875e+01
-9.703852844238281250e+01
-9.630841827392578125e+01
-9.706668090820312500e+01
-9.552189636230468750e+01
-9.693553161621093750e+01
-9.553767395019531250e+01
-9.700373077392578125e+01
-9.646996307373046875e+01
-9.643609619140625000e+01
-9.695555114746093750e+01
-9.552978515625000000e+01
-9.763902282714843750e+01
-9.708958435058593750e+01
-9.645614624023437500e+01
-9.647869873046875000e+01
-9.762469482421875000e+01
-9.751966857910156250e+01
-9.646430969238281250e+01
-9.696121215820312500e+01
-9.698992919921875000e+01
-9.692115783691406250e+01
-9.694117736816406250e+01
-9.584216308593750000e+01
-9.590008544921875000e+01
-9.641035461425781250e+01
-9.589710998535156250e+01
-9.640380859375000000e+01
-9.670256042480468750e+01
-9.590631103515625000e+01
-9.626990509033203125e+01
-9.702823638916015625e+01
-9.632775115966796875e+01
-9.721549987792968750e+01
-9.626071166992187500e+01
-9.626369476318359375e+01
-9.721035766601562500e+01
-9.626982116699218750e+01
-9.619084167480468750e+01
-9.626692199707031250e+01
-9.624502563476562500e+01
-9.587319946289062500e+01
-9.718222808837890625e+01
-9.593409729003906250e+01
-9.579043579101562500e+01
-9.687995147705078125e+01
-9.592491149902343750e+01
-9.625415039062500000e+01
-9.655450439453125000e+01
-9.696948242187500000e+01
-9.627645874023437500e+01
-9.640170288085937500e+01
-9.626078796386718750e+01
-9.589096069335937500e+01
-9.591287231445312500e+01
-9.599194335937500000e+01
-9.591833496093750000e+01
-9.669601440429687500e+01
-9.579701232910156250e+01
-9.598580169677734375e+01
-9.636920166015625000e+01
-9.703337860107421875e+01
-9.655965423583984375e+01
-9.594067382812500000e+01
-9.637475585937500000e+01
-9.706153869628906250e+01
-9.695019531250000000e+01
-9.632897949218750000e+01
-1.011204833984375000e+02
-9.633195495605468750e+01
-9.584347534179687500e+01
-9.592102813720703125e+01
-9.584645080566406250e+01
-9.639906311035156250e+01
-9.638851928710937500e+01
-9.705746459960937500e+01
-9.695574951171875000e+01
-9.694465637207031250e+01
-9.585916137695312500e+01
-9.705231475830078125e+01
-9.585260009765625000e+01
-9.630061340332031250e+01
-9.629405975341796875e+01
-9.631884002685546875e+01
-9.587393951416015625e+01
-9.582418060302734375e+01
-9.675149536132812500e+01
-9.585618591308593750e+01
-9.639350128173828125e+01
-9.586573791503906250e+01
-9.591445922851562500e+01
-9.706779479980468750e+01
-9.583689880371093750e+01
-9.585004425048828125e+01
-9.628135681152343750e+01
-9.628749084472656250e+01
-9.586276245117187500e+01
-9.706260681152343750e+01
-9.631270599365234375e+01
-9.581761169433593750e+01
-9.632540130615234375e+01
-9.704774475097656250e+01
-9.716272735595703125e+01
-9.704260253906250000e+01
-9.581104278564453125e+01
-9.675048065185546875e+01
-9.426812744140625000e+01
-9.622489929199218750e+01
-9.608784484863281250e+01
-9.619609069824218750e+01
-9.599720764160156250e+01
-9.602085876464843750e+01
-9.647343444824218750e+01
-9.638157653808593750e+01
-9.549739074707031250e+01
-9.691875457763671875e+01
-9.550915527343750000e+01
-9.699965667724609375e+01
-9.697399139404296875e+01
-9.651148223876953125e+01
-9.695962524414062500e+01
-9.694582366943359375e+01
-1.022707061767578125e+02
-9.691709136962890625e+01
-9.559331512451171875e+01
-9.670877075195312500e+01
-1.022375793457031250e+02
-9.764308166503906250e+01
-9.690272521972656250e+01
-9.648843383789062500e+01
-9.557795715332031250e+01
-1.022541427612304688e+02
-9.765740966796875000e+01
-9.645693969726562500e+01
-9.701402282714843750e+01
-9.560121154785156250e+01
-9.558541870117187500e+01
-9.750127410888671875e+01
-9.643144226074218750e+01
-9.641761779785156250e+01
-9.689923095703125000e+01
-9.725906372070312500e+01
-9.632058715820312500e+01
-9.732044982910156250e+01
-9.632557678222656250e+01
-9.576783752441406250e+01
-9.574591064453125000e+01
-9.723036193847656250e+01
-9.635310363769531250e+01
-9.634754943847656250e+01
-9.567582702636718750e+01
-9.674507141113281250e+01
-9.576126098632812500e+01
-9.671688842773437500e+01
-9.669327545166015625e+01
-9.696066284179687500e+01
-9.708154296875000000e+01
-9.692735290527343750e+01
-9.677897644042968750e+01
-9.752584075927734375e+01
-9.573013305664062500e+01
-9.672203826904296875e+01
-9.711025238037109375e+01
-9.707696533203125000e+01
-9.698939514160156250e+01
-9.575248718261718750e+01
-9.750231933593750000e+01
-9.672244262695312500e+01
-9.591416931152343750e+01
-9.599325561523437500e+01
-9.636166381835937500e+01
-9.590628051757812500e+01
-9.589356994628906250e+01
-9.629549407958984375e+01
-9.672988891601562500e+01
-9.674298858642578125e+01
-9.586105346679687500e+01
-9.616615295410156250e+01
-9.353890991210937500e+01
-9.452709960937500000e+01
-9.453887176513671875e+01
-9.411980438232421875e+01
-9.414947509765625000e+01
-9.453279113769531250e+01
-9.414376831054687500e+01
-9.383003234863281250e+01
-9.701983642578125000e+01
-9.701199340820312500e+01
-9.667520141601562500e+01
-9.704682922363281250e+01
-9.507771301269531250e+01
-9.603227233886718750e+01
-9.511605834960937500e+01
-9.665946960449218750e+01
-9.668263244628906250e+01
-9.613494873046875000e+01
-9.703897094726562500e+01
-1.005169219970703125e+02
-9.550726318359375000e+01
-9.550068664550781250e+01
-9.554842376708984375e+01
-9.549410247802734375e+01
-9.644479370117187500e+01
-9.643962097167968750e+01
-9.566537475585937500e+01
-9.759661865234375000e+01
-9.742504882812500000e+01
-9.753530120849609375e+01
-9.565881347656250000e+01
-9.753986358642578125e+01
-9.760174560546875000e+01
-9.707871246337890625e+01
-9.708386230468750000e+01
-9.766358947753906250e+01
-9.564608764648437500e+01
-9.708900451660156250e+01
-9.691197967529296875e+01
-9.653453063964843750e+01
-9.574452209472656250e+01
-9.770491027832031250e+01
-9.741992187500000000e+01
-9.565223693847656250e+01
-9.645156860351562500e+01
-9.714071655273437500e+01
-9.822718811035156250e+01
-9.796577453613281250e+01
-9.681022644042968750e+01
-9.639449310302734375e+01
-9.684646606445312500e+01
-9.680278015136718750e+01
-1.023013153076171875e+02
-9.659371948242187500e+01
-9.608972167968750000e+01
-9.634959411621093750e+01
-9.653971862792968750e+01
-9.730788421630859375e+01
-9.780988311767578125e+01
-9.796176147460937500e+01
-9.767803955078125000e+01
-1.022615127563476562e+02
-9.724594879150390625e+01
-9.712585449218750000e+01
-9.784203338623046875e+01
-9.768321228027343750e+01
-9.778533935546875000e+01
-9.795663452148437500e+01
-9.795204162597656250e+01
-9.647647094726562500e+01
-9.778021240234375000e+01
-9.611548614501953125e+01
-9.610278320312500000e+01
-9.729759216308593750e+01
-9.654430389404296875e+01
-9.713099670410156250e+01
-1.020846328735351562e+02
-9.745602416992187500e+01
-9.647299194335937500e+01
-9.780073547363281250e+01
-9.800463867187500000e+01
-9.650690460205078125e+01
-9.649308776855468750e+01
-9.637244415283203125e+01
-9.648681640625000000e+01
-9.797603607177734375e+01
-9.799033355712890625e+01
-9.639997100830078125e+01
-9.638620758056640625e+01
-9.730220031738281250e+01
-9.652130126953125000e+01
-9.801890563964843750e+01
-9.731654357910156250e+01
-9.614190673828125000e+01
-9.613444519042968750e+01
-9.664112854003906250e+01
-9.422216796875000000e+01
-9.555566406250000000e+01
-9.556355285644531250e+01
-9.552066040039062500e+01
-9.548686218261718750e+01
-9.598976135253906250e+01
-9.645863342285156250e+01
-9.644424438476562500e+01
-9.617271423339843750e+01
-9.665626525878906250e+01
-9.558066558837890625e+01
-9.622193908691406250e+01
-9.602373504638671875e+01
-9.601758575439453125e+01
-9.599174499511718750e+01
-1.012244186401367188e+02
-9.427990722656250000e+01
-9.822264099121093750e+01
-9.823632812500000000e+01
-9.797036743164062500e+01
-9.795663452148437500e+01
-9.640194702148437500e+01
-9.681086730957031250e+01
-9.644425964355468750e+01
-9.672856903076171875e+01
-9.674429321289062500e+01
-9.636822509765625000e+01
-9.643682098388671875e+01
-9.583141326904296875e+01
-9.673643493652343750e+01
-9.589970397949218750e+01
-9.414988708496093750e+01
-9.455796813964843750e+01
-9.713665771484375000e+01
-1.022162017822265625e+02
-9.563819122314453125e+01
-9.744395446777343750e+01
-9.690276336669921875e+01
-9.560317993164062500e+01
-9.743939208984375000e+01
-9.559660339355468750e+01
-9.711664581298828125e+01
-9.709307861328125000e+01
-9.652017974853515625e+01
-9.558739471435546875e+01
-9.640379333496093750e+01
-9.689761352539062500e+01
-9.563162231445312500e+01
-9.708792877197265625e+01
-9.647187042236328125e+01
-1.022184753417968750e+02
-9.558123779296875000e+01
-9.640838623046875000e+01
-9.647703552246093750e+01
-9.652532958984375000e+01
-9.561625671386718750e+01
-9.568232727050781250e+01
-9.571775817871093750e+01
-9.666960144042968750e+01
-1.013104553222656250e+02
-1.013132019042968750e+02
-9.573879241943359375e+01
-9.573089599609375000e+01
-9.667747497558593750e+01
-1.012319641113281250e+02
-9.623046875000000000e+01
-1.013305130004882812e+02
-9.671890258789062500e+01
-9.601955413818359375e+01
-9.602700805664062500e+01
-1.013143463134765625e+02
-9.664292907714843750e+01
-9.635247802734375000e+01
-9.696422576904296875e+01
-9.558476257324218750e+01
-9.700427246093750000e+01
-9.690733337402343750e+01
-1.022795715332031250e+02
-1.022447357177734375e+02
-9.765280914306640625e+01
-9.764767456054687500e+01
-9.560055541992187500e+01
-9.647923278808593750e+01
-1.022469940185546875e+02
-9.696937561035156250e+01
-9.646672058105468750e+01
-9.691248321533203125e+01
-9.750587463378906250e+01
-9.642681884765625000e+01
-9.642223358154296875e+01
-9.694121551513671875e+01
-9.560968017578125000e+01
-9.559397125244140625e+01
-9.650170135498046875e+01
-9.557862091064453125e+01
-9.656706237792968750e+01
-9.649849700927734375e+01
-9.622549438476562500e+01
-9.623337554931640625e+01
-9.651266479492187500e+01
-9.554974365234375000e+01
-1.012486648559570312e+02
-9.611858367919921875e+01
-9.604232025146484375e+01
-9.611202239990234375e+01
-9.667086791992187500e+01
-9.554359436035156250e+01
-9.587498474121093750e+01
-9.621920776367187500e+01
-9.660102844238281250e+01
-9.555895996093750000e+01
-9.614967346191406250e+01
-9.556553649902343750e+01
-9.611888122558593750e+01
-9.620388031005859375e+01
-9.668588256835937500e+01
-9.606465148925781250e+01
-9.659417724609375000e+01
-9.587062835693359375e+01
-9.604888916015625000e+01
-9.643554687500000000e+01
-9.558090209960937500e+01
-9.595697021484375000e+01
-9.640675354003906250e+01
-9.612734985351562500e+01
-9.609668731689453125e+01
-9.659447479248046875e+01
-9.629572296142578125e+01
-9.662570190429687500e+01
-9.542527770996093750e+01
-9.599655151367187500e+01
-9.602765655517578125e+01
-9.600312042236328125e+01
-9.764077758789062500e+01
-9.801377868652343750e+01
-9.762701416015625000e+01
-9.801783752441406250e+01
-9.819918823242187500e+01
-9.800352478027343750e+01
-9.802807617187500000e+01
-9.610826110839843750e+01
-9.726084136962890625e+01
-9.712124633789062500e+01
-9.654891204833984375e+01
-9.730326843261718750e+01
-9.778993988037109375e+01
-9.783230590820312500e+01
-9.797148132324218750e+01
-9.768035125732421875e+01
-9.767347717285156250e+01
-9.635369873046875000e+01
-9.725054931640625000e+01
-9.663597106933593750e+01
-9.794749450683593750e+01
-9.768776702880859375e+01
-9.647237396240234375e+01
-9.825172424316406250e+01
-9.609556579589843750e+01
-9.769749450683593750e+01
-9.660337829589843750e+01
-9.653511047363281250e+01
-9.777967071533203125e+01
-9.772988891601562500e+01
-9.415638732910156250e+01
-9.667152404785156250e+01
-9.586437225341796875e+01
-9.597954559326171875e+01
-9.600543975830078125e+01
-1.012427215576171875e+02
-9.619665527343750000e+01
-9.662355041503906250e+01
-9.607144927978515625e+01
-9.669304656982421875e+01
-9.593779754638671875e+01
-9.658769226074218750e+01
-9.588179016113281250e+01
-9.614012145996093750e+01
-9.611953735351562500e+01
-9.614901733398437500e+01
-9.555697631835937500e+01
-9.605713653564453125e+01
-9.623299407958984375e+01
-9.588967895507812500e+01
-9.601290130615234375e+01
-9.614114379882812500e+01
-9.643093109130859375e+01
-9.603552246093750000e+01
-9.621987915039062500e+01
-9.612800598144531250e+01
-9.624044799804687500e+01
-9.602763366699218750e+01
-9.604925537109375000e+01
-9.586907958984375000e+01
-9.610479736328125000e+01
-9.604823303222656250e+01
-9.556488037109375000e+01
-9.674850463867187500e+01
-9.563629150390625000e+01
-9.641653442382812500e+01
-9.640679168701171875e+01
-9.412665557861328125e+01
-9.416896820068359375e+01
-9.458355712890625000e+01
-9.646525573730468750e+01
-9.664736938476562500e+01
-9.635552978515625000e+01
-9.598668670654296875e+01
-9.592031097412109375e+01
-9.638879394531250000e+01
-9.671589660644531250e+01
-9.645738220214843750e+01
-9.642370605468750000e+01
-9.627705383300781250e+01
-9.620982360839843750e+01
-1.018402404785156250e+02
-9.622418212890625000e+01
-9.637509155273437500e+01
-9.819001770019531250e+01
-9.817573547363281250e+01
-9.816200256347656250e+01
-9.800865173339843750e+01
-9.799435424804687500e+01
-9.820429992675781250e+01
-9.802295684814453125e+01
-9.641137695312500000e+01
-9.556619262695312500e+01
-9.555040740966796875e+01
-9.555830383300781250e+01
-9.612609863281250000e+01
-9.621110534667968750e+01
-9.659381103515625000e+01
-9.605742645263671875e+01
-9.588311767578125000e+01
-9.587565612792968750e+01
-9.564244079589843750e+01
-9.613457489013671875e+01
-9.621855163574218750e+01
-9.612669372558593750e+01
-9.660955047607421875e+01
-9.642577362060546875e+01
-9.644017028808593750e+01
-9.668653869628906250e+01
-9.614244842529296875e+01
-9.603421020507812500e+01
-9.667765808105468750e+01
-9.611135864257812500e+01
-9.611923980712890625e+01
-9.660168457031250000e+01
-9.557408905029296875e+01
-9.604954528808593750e+01
-9.604165649414062500e+01
-9.554293823242187500e+01
-9.629506683349609375e+01
-9.674203491210937500e+01
-9.575174713134765625e+01
-9.727287292480468750e+01
-9.569710540771484375e+01
-9.571675109863281250e+01
-9.576585388183593750e+01
-9.566210937500000000e+01
-9.737799835205078125e+01
-9.564674377441406250e+01
-9.673072052001953125e+01
-9.573210144042968750e+01
-9.728665161132812500e+01
-9.568174743652343750e+01
-9.675076293945312500e+01
-9.572463989257812500e+01
-9.573086547851562500e+01
-9.672200012207031250e+01
-1.014692382812500000e+02
-1.015317687988281250e+02
-9.568963623046875000e+01
-9.730664062500000000e+01
-9.565420532226562500e+01
-9.740611267089843750e+01
-9.575964355468750000e+01
-9.742045593261718750e+01
-9.676514434814453125e+01
-9.687052154541015625e+01
-1.015153808593750000e+02
-9.739176940917968750e+01
-9.002960968017578125e+01
-9.427677154541015625e+01
-9.816261291503906250e+01
-9.426295471191406250e+01
-9.426986694335937500e+01
-9.584743499755859375e+01
-1.014306716918945312e+02
-9.951632690429687500e+01
-1.014464569091796875e+02
-1.014626770019531250e+02
-9.608562469482421875e+01
-9.609307861328125000e+01
-9.751151275634765625e+01
-9.699861145019531250e+01
-9.732965087890625000e+01
-9.676975250244140625e+01
-9.693656921386718750e+01
-9.670250701904296875e+01
-9.575994873046875000e+01
-9.634489440917968750e+01
-9.726826477050781250e+01
-9.576651000976562500e+01
-9.671281433105468750e+01
-9.632878875732421875e+01
-1.014768829345703125e+02
-9.708618164062500000e+01
-9.670765686035156250e+01
-9.575379180908203125e+01
-9.676460266113281250e+01
-9.709590148925781250e+01
-9.633377838134765625e+01
-9.566793823242187500e+01
-9.709075164794921875e+01
-9.710104370117187500e+01
-9.566178894042968750e+01
-9.687969970703125000e+01
-9.757797241210937500e+01
-9.633934020996093750e+01
-9.609464263916015625e+01
-9.549672698974609375e+01
-9.647409057617187500e+01
-9.600444030761718750e+01
-9.552261352539062500e+01
-9.661131286621093750e+01
-9.602371215820312500e+01
-9.599786376953125000e+01
-9.630880737304687500e+01
-9.427908325195312500e+01
-9.733583068847656250e+01
-9.674153137207031250e+01
-9.673587036132812500e+01
-9.672149658203125000e+01
-1.015169143676757812e+02
-9.566078948974609375e+01
-9.571640014648437500e+01
-9.564805603027343750e+01
-9.731584167480468750e+01
-9.569578552246093750e+01
-9.673123168945312500e+01
-9.728207397460937500e+01
-9.576620483398437500e+01
-9.570367431640625000e+01
-9.742100524902343750e+01
-9.572595214843750000e+01
-9.575181579589843750e+01
-9.573078155517578125e+01
-9.568305969238281250e+01
-9.741125488281250000e+01
-9.675592041015625000e+01
-9.740097808837890625e+01
-9.739691162109375000e+01
-9.566867828369140625e+01
-9.571806335449218750e+01
-9.573867797851562500e+01
-9.460337829589843750e+01
-9.700610351562500000e+01
-9.616274261474609375e+01
-1.013179931640625000e+02
-9.512683105468750000e+01
-9.663171386718750000e+01
-9.512107849121093750e+01
-1.012541656494140625e+02
-9.615618896484375000e+01
-9.663825988769531250e+01
-9.706014251708984375e+01
-9.457746887207031250e+01
-9.458438110351562500e+01
-9.122703552246093750e+01
-9.681742095947265625e+01
-9.637284851074218750e+01
-9.639515686035156250e+01
-9.431193542480468750e+01
-1.018562927246093750e+02
-9.626532745361328125e+01
-9.413964843750000000e+01
-9.615436553955078125e+01
-9.586943054199218750e+01
-9.629035186767578125e+01
-9.747383880615234375e+01
-9.814204406738281250e+01
-9.814717864990234375e+01
-9.803722381591796875e+01
-9.762242126464843750e+01
-9.817063903808593750e+01
-9.817576599121093750e+01
-9.643813323974609375e+01
-9.646394348144531250e+01
-9.638223266601562500e+01
-9.691114044189453125e+01
-9.639534759521484375e+01
-9.664125061035156250e+01
-9.643026733398437500e+01
-9.615541839599609375e+01
-9.562905883789062500e+01
-9.602041625976562500e+01
-9.665776824951171875e+01
-9.578620147705078125e+01
-9.662944030761718750e+01
-9.615580749511718750e+01
-9.557826232910156250e+01
-9.604859924316406250e+01
-9.562248229980468750e+01
-9.609268951416015625e+01
-9.614733886718750000e+01
-9.665092468261718750e+01
-9.623233032226562500e+01
-9.560713195800781250e+01
-9.621307373046875000e+01
-9.623847961425781250e+01
-9.557211303710937500e+01
-9.626727294921875000e+01
-9.662259674072265625e+01
-9.658834075927734375e+01
-9.662287902832031250e+01
-9.719761657714843750e+01
-9.577822875976562500e+01
-9.601427459716796875e+01
-9.596353912353515625e+01
-9.572032165527343750e+01
-9.605516052246093750e+01
-9.555238342285156250e+01
-9.666432189941406250e+01
-9.619731903076171875e+01
-9.566728210449218750e+01
-9.675999450683593750e+01
-9.634899902343750000e+01
-9.633523559570312500e+01
-9.694633483886718750e+01
-9.727743530273437500e+01
-9.633789062500000000e+01
-9.575445556640625000e+01
-9.709536743164062500e+01
-9.689759826660156250e+01
-9.726366424560546875e+01
-9.710565185546875000e+01
-9.745938110351562500e+01
-9.574656677246093750e+01
-9.575927734375000000e+01
-9.709129333496093750e+01
-9.670304870605468750e+01
-9.572331237792968750e+01
-9.693196105957031250e+01
-9.708157348632812500e+01
-9.677436828613281250e+01
-9.699916076660156250e+01
-9.671742248535156250e+01
-9.674967956542968750e+01
-9.576718139648437500e+01
-9.567517089843750000e+01
-9.590684509277343750e+01
-9.624148559570312500e+01
-9.622579956054687500e+01
-9.656771850585937500e+01
-9.635659790039062500e+01
-9.658039855957031250e+01
-9.551602172851562500e+01
-9.600122070312500000e+01
-9.605545043945312500e+01
-9.608976745605468750e+01
-9.603617858886718750e+01
-9.607078552246093750e+01
-9.596685791015625000e+01
-1.011528167724609375e+02
-9.612120819091796875e+01
-9.567327117919921875e+01
-1.012530059814453125e+02
-9.614048767089843750e+01
-9.736717987060546875e+01
-9.656605529785156250e+01
-9.609041595458984375e+01
-9.567942810058593750e+01
-9.614704895019531250e+01
-9.658515167236328125e+01
-9.568862915039062500e+01
-9.610545349121093750e+01
-9.563826751708984375e+01
-9.617543029785156250e+01
-9.607115173339843750e+01
-9.660749816894531250e+01
-9.611231994628906250e+01
-1.011516647338867188e+02
-9.660137176513671875e+01
-9.597341918945312500e+01
-9.653085327148437500e+01
-9.606393432617187500e+01
-9.752096557617187500e+01
-9.569520568847656250e+01
-9.607735443115234375e+01
-9.656584167480468750e+01
-9.598876190185546875e+01
-1.003544921875000000e+02
-1.018335266113281250e+02
-1.021891479492187500e+02
-9.651152038574218750e+01
-9.800517272949218750e+01
-9.800004577636718750e+01
-1.021914215087890625e+02
-9.649143218994140625e+01
-9.650173950195312500e+01
-9.798976135253906250e+01
-9.766200256347656250e+01
-9.650694274902343750e+01
-9.651667785644531250e+01
-9.799492645263671875e+01
-9.649658203125000000e+01
-9.744114685058593750e+01
-9.613511657714843750e+01
-9.612854003906250000e+01
-9.614125061035156250e+01
-9.661239624023437500e+01
-9.584352111816406250e+01
-9.687670135498046875e+01
-9.646459960937500000e+01
-9.638157653808593750e+01
-9.592753601074218750e+01
-9.671524047851562500e+01
-9.636231994628906250e+01
-9.664802551269531250e+01
-9.645803833007812500e+01
-9.065466308593750000e+01
-9.614701080322265625e+01
-9.560186767578125000e+01
-9.712229156494140625e+01
-9.650578308105468750e+01
-9.689353942871093750e+01
-9.563030242919921875e+01
-9.768196868896484375e+01
-9.709713745117187500e+01
-9.710743713378906250e+01
-9.745315551757812500e+01
-9.559529113769531250e+01
-9.688838195800781250e+01
-9.641304016113281250e+01
-9.649600219726562500e+01
-9.558256530761718750e+01
-9.710228729248046875e+01
-9.649084472656250000e+01
-9.756852722167968750e+01
-9.641761779785156250e+01
-9.558871459960937500e+01
-9.642277526855468750e+01
-9.757366943359375000e+01
-9.650120544433593750e+01
-9.615217590332031250e+01
-9.712744140625000000e+01
-9.711714172363281250e+01
-9.561758422851562500e+01
-9.557598876953125000e+01
-9.642424011230468750e+01
-9.612873840332031250e+01
-9.664971923828125000e+01
-1.013229675292968750e+02
-9.602635192871093750e+01
-9.602021789550781250e+01
-9.668852996826171875e+01
-9.625949096679687500e+01
-9.663441467285156250e+01
-1.013218994140625000e+02
-9.647204589843750000e+01
-9.649169921875000000e+01
-9.695057678222656250e+01
-9.543843841552734375e+01
-9.647859191894531250e+01
-9.680753326416015625e+01
-9.812996673583984375e+01
-9.246959686279296875e+01
-9.640783691406250000e+01
-9.638726806640625000e+01
-9.680343627929687500e+01
-9.635884094238281250e+01
-9.555453491210937500e+01
-9.682528686523437500e+01
-9.556845855712890625e+01
-9.407872009277343750e+01
-9.781237792968750000e+01
-9.419872283935546875e+01
-9.427423095703125000e+01
-9.553570556640625000e+01
-9.753504943847656250e+01
-9.697503662109375000e+01
-9.644993591308593750e+01
-1.022612915039062500e+02
-9.762010192871093750e+01
-9.705570983886718750e+01
-9.706031799316406250e+01
-9.645452880859375000e+01
-9.751506805419921875e+01
-1.022635650634765625e+02
-9.696987915039062500e+01
-9.695043945312500000e+01
-9.552254486083984375e+01
-9.698017883300781250e+01
-1.022590255737304688e+02
-9.698532867431640625e+01
-9.552912139892578125e+01
-9.695500946044921875e+01
-9.647458648681640625e+01
-9.706547546386718750e+01
-9.625610351562500000e+01
-9.799948120117187500e+01
-9.650636291503906250e+01
-9.798521423339843750e+01
-9.614846801757812500e+01
-9.650231933593750000e+01
-9.651206207275390625e+01
-9.765509033203125000e+01
-9.743653869628906250e+01
-9.612788391113281250e+01
-1.021819992065429688e+02
-9.649196624755859375e+01
-9.799546813964843750e+01
-9.651614379882812500e+01
-9.766659545898437500e+01
-9.800976562500000000e+01
-9.766941833496093750e+01
-1.021985702514648438e+02
-9.648223114013671875e+01
-9.662158203125000000e+01
-9.613577270507812500e+01
-9.638323974609375000e+01
-9.611955261230468750e+01
-9.613267517089843750e+01
-9.735798645019531250e+01
-9.588571166992187500e+01
-9.630351257324218750e+01
-9.582919311523437500e+01
-9.736312103271484375e+01
-9.605055236816406250e+01
-9.629082489013671875e+01
-9.574423980712890625e+01
-9.650439453125000000e+01
-9.629696655273437500e+01
-9.569651794433593750e+01
-9.568994140625000000e+01
-9.644267272949218750e+01
-9.627217102050781250e+01
-9.573809814453125000e+01
-9.649783325195312500e+01
-9.595207214355468750e+01
-9.642601013183593750e+01
-9.595896911621093750e+01
-9.595281982421875000e+01
-9.576983642578125000e+01
-9.612611389160156250e+01
-9.621797180175781250e+01
-9.594549560546875000e+01
-9.595863342285156250e+01
-9.643711853027343750e+01
-9.643156433105468750e+01
-9.596520996093750000e+01
-9.718629455566406250e+01
-9.576325988769531250e+01
-9.624932861328125000e+01
-9.605670166015625000e+01
-9.718115234375000000e+01
-9.718251037597656250e+01
-9.736825561523437500e+01
-9.729664611816406250e+01
-9.422257995605468750e+01
-9.817231750488281250e+01
-9.425683593750000000e+01
-9.677232360839843750e+01
-9.720431518554687500e+01
-9.457095336914062500e+01
-9.416287231445312500e+01
-9.450761413574218750e+01
-9.414741516113281250e+01
-9.638793945312500000e+01
-9.682462310791015625e+01
-9.683206176757812500e+01
-9.620928955078125000e+01
-9.622248840332031250e+01
-9.551670837402343750e+01
-9.599106597900390625e+01
-9.549870300292968750e+01
-9.412425231933593750e+01
-9.414541625976562500e+01
-9.451328277587890625e+01
-9.455838012695312500e+01
-9.660302734375000000e+01
-9.697126770019531250e+01
-9.622876739501953125e+01
-9.615232849121093750e+01
-9.705628967285156250e+01
-9.704755401611328125e+01
-9.704101562500000000e+01
-9.665129089355468750e+01
-9.667315673828125000e+01
-9.573515319824218750e+01
-9.665785217285156250e+01
-9.622220611572265625e+01
-9.706283569335937500e+01
-9.615846252441406250e+01
-9.663598632812500000e+01
-9.612115478515625000e+01
-9.604212188720703125e+01
-1.012060394287109375e+02
-9.612551116943359375e+01
-9.610978698730468750e+01
-9.681807708740234375e+01
-9.636605834960937500e+01
-9.419219970703125000e+01
-9.536019897460937500e+01
-9.065659332275390625e+01
-9.976272583007812500e+01
-9.606854248046875000e+01
-9.951902008056640625e+01
-9.663375854492187500e+01
-9.678182983398437500e+01
-1.014480438232421875e+02
-9.602087402343750000e+01
-9.602832794189453125e+01
-9.605583953857421875e+01
-9.616567993164062500e+01
-9.953468322753906250e+01
-1.014452972412109375e+02
-9.414659118652343750e+01
-9.796581268310546875e+01
-9.798979187011718750e+01
-9.822718811035156250e+01
-9.797953796386718750e+01
-9.821348571777343750e+01
-1.015579071044921875e+02
-9.623687744140625000e+01
-1.019598083496093750e+02
-9.647727966308593750e+01
-9.647073364257812500e+01
-9.431580352783203125e+01
-9.537774658203125000e+01
-9.759547424316406250e+01
-9.424343872070312500e+01
-9.425034332275390625e+01
-9.607058715820312500e+01
-9.703446960449218750e+01
-9.618463897705078125e+01
-9.665034484863281250e+01
-9.613042449951171875e+01
-9.664474487304687500e+01
-9.660329437255859375e+01
-9.670080566406250000e+01
-1.012095718383789062e+02
-9.702792358398437500e+01
-9.667970275878906250e+01
-9.660984802246093750e+01
-9.662557983398437500e+01
