-9.750000000000000000e+01
-1.070000000000000000e+02
-1.020000000000000000e+02
-9.150000000000000000e+01
-9.143000030517578125e+01
-9.029000091552734375e+01
-9.244000244140625000e+01
-1.037500000000000000e+02
-9.083000183105468750e+01
-9.523999786376953125e+01
-8.619000244140625000e+01
-9.800000000000000000e+01
-9.800000000000000000e+01
-8.844999694824218750e+01
-1.024400024414062500e+02
-8.844999694824218750e+01
-1.015400009155273438e+02
-8.801999664306640625e+01
-8.704000091552734375e+01
-1.040000000000000000e+02
-8.683000183105468750e+01
-1.040999984741210938e+02
-9.566999816894531250e+01
-1.085000000000000000e+02
-1.095000000000000000e+02
-9.100000000000000000e+01
-8.600000000000000000e+01
-8.419999694824218750e+01
-9.000000000000000000e+01
-9.000000000000000000e+01
-8.586000061035156250e+01
-8.666999816894531250e+01
-8.556999969482421875e+01
-9.050000000000000000e+01
-8.875000000000000000e+01
-9.166999816894531250e+01
-1.175000000000000000e+02
-9.600000000000000000e+01
-9.625000000000000000e+01
-7.150000000000000000e+01
-8.491000366210937500e+01
-8.588999938964843750e+01
-8.950000000000000000e+01
-8.370999908447265625e+01
-9.256999969482421875e+01
-8.800000000000000000e+01
-9.033000183105468750e+01
-9.112000274658203125e+01
-8.200000000000000000e+01
-8.834999847412109375e+01
-8.530999755859375000e+01
-8.513999938964843750e+01
-7.981999969482421875e+01
-8.344999694824218750e+01
-9.202999877929687500e+01
-8.812000274658203125e+01
-9.230000305175781250e+01
-8.266000366210937500e+01
-8.591999816894531250e+01
-9.259999847412109375e+01
-8.729000091552734375e+01
-9.126999664306640625e+01
-8.833000183105468750e+01
-9.075000000000000000e+01
-8.100000000000000000e+01
-8.820999908447265625e+01
-8.862999725341796875e+01
-9.370999908447265625e+01
-1.138300018310546875e+02
-1.120000000000000000e+02
-9.500000000000000000e+01
-1.130000000000000000e+02
-8.512999725341796875e+01
-8.781999969482421875e+01
-9.277999877929687500e+01
-7.066999816894531250e+01
-8.866999816894531250e+01
-8.800000000000000000e+01
-8.600000000000000000e+01
-9.450000000000000000e+01
-8.619999694824218750e+01
-8.800000000000000000e+01
-8.300000000000000000e+01
-1.010000000000000000e+02
-9.075000000000000000e+01
-8.694999694824218750e+01
-9.311000061035156250e+01
-8.800000000000000000e+01
-8.775000000000000000e+01
-8.691000366210937500e+01
-8.736000061035156250e+01
-8.725000000000000000e+01
-8.859999847412109375e+01
-1.135000000000000000e+02
-8.750000000000000000e+01
-8.816999816894531250e+01
-8.708999633789062500e+01
-1.065000000000000000e+02
-8.916000366210937500e+01
-8.900000000000000000e+01
-8.575000000000000000e+01
-1.070000000000000000e+02
-8.695999908447265625e+01
-8.390000152587890625e+01
-7.059999847412109375e+01
-8.562000274658203125e+01
-8.700000000000000000e+01
-8.737000274658203125e+01
-8.416999816894531250e+01
-8.633000183105468750e+01
-7.962999725341796875e+01
-8.180000305175781250e+01
-7.800000000000000000e+01
-8.533000183105468750e+01
-9.300000000000000000e+01
-9.150000000000000000e+01
-9.176000213623046875e+01
-9.183000183105468750e+01
-8.983000183105468750e+01
-8.800000000000000000e+01
-8.100000000000000000e+01
-1.050000000000000000e+02
-9.000000000000000000e+01
-8.866999816894531250e+01
-9.033000183105468750e+01
-9.750000000000000000e+01
-8.556999969482421875e+01
-8.900000000000000000e+01
-9.150000000000000000e+01
-9.219999694824218750e+01
-1.160000000000000000e+02
-9.800000000000000000e+01
-1.084000015258789062e+02
-1.018300018310546875e+02
-7.800000000000000000e+01
-1.093000030517578125e+02
-9.025000000000000000e+01
-8.112999725341796875e+01
-1.136699981689453125e+02
-1.020000000000000000e+02
-1.105000000000000000e+02
-1.120000000000000000e+02
-7.050000000000000000e+01
-8.375000000000000000e+01
-8.583999633789062500e+01
-9.000000000000000000e+01
-8.638999938964843750e+01
-8.415000152587890625e+01
-8.673999786376953125e+01
-8.966999816894531250e+01
-1.116900024414062500e+02
-7.793000030517578125e+01
-9.750000000000000000e+01
-1.000000000000000000e+02
-1.046699981689453125e+02
-8.850000000000000000e+01
-1.033300018310546875e+02
-8.323000335693359375e+01
-8.263999938964843750e+01
-9.087999725341796875e+01
-9.300000000000000000e+01
-8.983999633789062500e+01
-9.162000274658203125e+01
-8.540000152587890625e+01
-8.498000335693359375e+01
-8.876000213623046875e+01
-8.491000366210937500e+01
-9.059999847412109375e+01
-8.211000061035156250e+01
-1.096699981689453125e+02
-8.670999908447265625e+01
-8.555000305175781250e+01
-8.275000000000000000e+01
-1.100000000000000000e+02
-8.550000000000000000e+01
-8.763999938964843750e+01
-1.054300003051757812e+02
-8.566999816894531250e+01
-9.150000000000000000e+01
-9.666999816894531250e+01
-9.150000000000000000e+01
-8.723999786376953125e+01
-8.501999664306640625e+01
-8.836000061035156250e+01
-8.466000366210937500e+01
-8.372000122070312500e+01
-8.637000274658203125e+01
-7.762000274658203125e+01
-1.120000000000000000e+02
-8.265000152587890625e+01
-8.513999938964843750e+01
-8.636000061035156250e+01
-9.037999725341796875e+01
-8.558000183105468750e+01
-9.176000213623046875e+01
-9.500000000000000000e+01
-8.876000213623046875e+01
-8.740000152587890625e+01
-1.215000000000000000e+02
-9.179000091552734375e+01
-9.040000152587890625e+01
-9.241999816894531250e+01
-1.245000000000000000e+02
-9.500000000000000000e+01
-8.511000061035156250e+01
-9.566999816894531250e+01
-9.444999694824218750e+01
-8.390000152587890625e+01
-8.700000000000000000e+01
-9.194999694824218750e+01
-9.243000030517578125e+01
-8.752999877929687500e+01
-8.480000305175781250e+01
-8.780000305175781250e+01
-9.475000000000000000e+01
-9.900000000000000000e+01
-9.700000000000000000e+01
-1.230000000000000000e+02
-9.600000000000000000e+01
-1.050000000000000000e+02
-9.000000000000000000e+01
-8.870999908447265625e+01
-8.430000305175781250e+01
-9.100000000000000000e+01
-8.726999664306640625e+01
-8.922000122070312500e+01
-9.005999755859375000e+01
-1.210000000000000000e+02
-8.822000122070312500e+01
-9.083999633789062500e+01
-8.401000213623046875e+01
-8.140000152587890625e+01
-8.661000061035156250e+01
-9.236000061035156250e+01
-9.072000122070312500e+01
-8.461000061035156250e+01
-8.537999725341796875e+01
-9.193000030517578125e+01
-9.200000000000000000e+01
-8.415000152587890625e+01
-8.854000091552734375e+01
-8.809999847412109375e+01
-8.516999816894531250e+01
-1.200000000000000000e+02
-8.893000030517578125e+01
-1.097500000000000000e+02
-1.133300018310546875e+02
-8.723000335693359375e+01
-9.309999847412109375e+01
-8.416999816894531250e+01
-8.580000305175781250e+01
-9.062000274658203125e+01
-7.983000183105468750e+01
-7.719999694824218750e+01
-8.583000183105468750e+01
-8.755999755859375000e+01
-8.591999816894531250e+01
-9.587999725341796875e+01
-1.087500000000000000e+02
-8.988999938964843750e+01
-9.400000000000000000e+01
-1.238000030517578125e+02
-9.356999969482421875e+01
-9.100000000000000000e+01
-1.003199996948242188e+02
-9.929000091552734375e+01
-9.780000305175781250e+01
-9.700000000000000000e+01
-9.033000183105468750e+01
-8.766999816894531250e+01
-1.013300018310546875e+02
-9.652999877929687500e+01
-1.182500000000000000e+02
-9.852999877929687500e+01
-9.556999969482421875e+01
-9.150000000000000000e+01
-9.575000000000000000e+01
-1.043300018310546875e+02
-9.450000000000000000e+01
-1.045999984741210938e+02
-1.093799972534179688e+02
-1.083300018310546875e+02
-1.045000000000000000e+02
-1.001399993896484375e+02
-9.900000000000000000e+01
-1.006999969482421875e+02
-9.775000000000000000e+01
-1.061699981689453125e+02
-1.015000000000000000e+02
-1.030000000000000000e+02
-1.036699981689453125e+02
-1.035000000000000000e+02
-1.003000030517578125e+02
-1.030000000000000000e+02
-1.075000000000000000e+02
-1.155000000000000000e+02
-1.030000000000000000e+02
-9.312999725341796875e+01
-9.348999786376953125e+01
-9.100000000000000000e+01
-9.200000000000000000e+01
-9.975000000000000000e+01
-8.250000000000000000e+01
-1.123300018310546875e+02
-1.155999984741210938e+02
-1.177500000000000000e+02
-9.106999969482421875e+01
-1.235000000000000000e+02
-9.490000152587890625e+01
-9.150000000000000000e+01
-1.035000000000000000e+02
-1.070000000000000000e+02
-9.675000000000000000e+01
-1.040000000000000000e+02
-1.020000000000000000e+02
-1.043300018310546875e+02
-1.006699981689453125e+02
-1.042200012207031250e+02
-1.040000000000000000e+02
-9.675000000000000000e+01
-9.850000000000000000e+01
-1.030000000000000000e+02
-9.986000061035156250e+01
-1.008300018310546875e+02
-1.018499984741210938e+02
-1.049199981689453125e+02
-8.783000183105468750e+01
-9.900000000000000000e+01
-1.017500000000000000e+02
-1.062500000000000000e+02
-9.666999816894531250e+01
-8.650000000000000000e+01
-9.350000000000000000e+01
-8.943000030517578125e+01
-9.300000000000000000e+01
-9.400000000000000000e+01
-9.400000000000000000e+01
-8.900000000000000000e+01
-8.300000000000000000e+01
-8.050000000000000000e+01
-7.800000000000000000e+01
-1.135000000000000000e+02
-9.100000000000000000e+01
-1.120000000000000000e+02
-1.093300018310546875e+02
-1.110000000000000000e+02
-8.833000183105468750e+01
-8.777999877929687500e+01
-9.140000152587890625e+01
-8.891000366210937500e+01
-9.740000152587890625e+01
-9.266999816894531250e+01
-9.200000000000000000e+01
-8.319999694824218750e+01
-8.676999664306640625e+01
-9.500000000000000000e+01
-8.850000000000000000e+01
-9.100000000000000000e+01
-1.105000000000000000e+02
-9.600000000000000000e+01
-8.600000000000000000e+01
-9.333000183105468750e+01
-9.083000183105468750e+01
-8.433000183105468750e+01
-8.750000000000000000e+01
-8.950000000000000000e+01
-1.050000000000000000e+02
-1.096999969482421875e+02
-1.115000000000000000e+02
-1.055000000000000000e+02
-9.850000000000000000e+01
-1.022500000000000000e+02
-1.007699966430664062e+02
-9.875000000000000000e+01
-1.020000000000000000e+02
-1.010000000000000000e+02
-1.000000000000000000e+02
-1.049199981689453125e+02
-1.035000000000000000e+02
-1.091999969482421875e+02
-1.096699981689453125e+02
-9.962999725341796875e+01
-9.766999816894531250e+01
-9.183000183105468750e+01
-1.025199966430664062e+02
-1.113300018310546875e+02
-9.944000244140625000e+01
-8.300000000000000000e+01
-9.900000000000000000e+01
-1.086699981689453125e+02
-8.200000000000000000e+01
-1.066699981689453125e+02
-9.386000061035156250e+01
-1.042500000000000000e+02
-1.050000000000000000e+02
-1.000000000000000000e+02
-1.039499969482421875e+02
-1.038600006103515625e+02
-1.005000000000000000e+02
-9.862000274658203125e+01
-1.003499984741210938e+02
-1.000000000000000000e+02
-1.068600006103515625e+02
-1.040000000000000000e+02
-1.026699981689453125e+02
-8.809999847412109375e+01
-1.014000015258789062e+02
-1.049199981689453125e+02
-9.941000366210937500e+01
-1.071699981689453125e+02
-8.819999694824218750e+01
-9.119999694824218750e+01
-1.185000000000000000e+02
-1.012500000000000000e+02
-1.136699981689453125e+02
-1.005000000000000000e+02
-1.035000000000000000e+02
-1.038899993896484375e+02
-9.956999969482421875e+01
-1.030000000000000000e+02
-1.095000000000000000e+02
-1.110000000000000000e+02
-1.098000030517578125e+02
-1.045000000000000000e+02
-1.096699981689453125e+02
-9.850000000000000000e+01
-9.925000000000000000e+01
-9.700000000000000000e+01
-1.060000000000000000e+02
-9.200000000000000000e+01
-1.051800003051757812e+02
-9.750000000000000000e+01
-9.400000000000000000e+01
-9.500000000000000000e+01
-8.400000000000000000e+01
-9.666999816894531250e+01
-8.740000152587890625e+01
-9.105000305175781250e+01
-9.200000000000000000e+01
-8.309999847412109375e+01
-9.258000183105468750e+01
-8.644000244140625000e+01
-8.625000000000000000e+01
-9.533000183105468750e+01
-8.975000000000000000e+01
-9.800000000000000000e+01
-7.997000122070312500e+01
-9.329000091552734375e+01
-8.219999694824218750e+01
-8.000000000000000000e+01
-9.488999938964843750e+01
-1.047799987792968750e+02
-9.241000366210937500e+01
-8.665000152587890625e+01
-8.658999633789062500e+01
-9.250000000000000000e+01
-8.566000366210937500e+01
-9.448000335693359375e+01
-9.327999877929687500e+01
-8.719999694824218750e+01
-1.075000000000000000e+02
-9.163999938964843750e+01
-9.154000091552734375e+01
-8.455999755859375000e+01
-8.938999938964843750e+01
-8.968000030517578125e+01
-8.600000000000000000e+01
-9.104000091552734375e+01
-8.300000000000000000e+01
-8.526000213623046875e+01
-7.216999816894531250e+01
-1.310000000000000000e+02
-8.462999725341796875e+01
-8.666999816894531250e+01
-9.656999969482421875e+01
-8.983000183105468750e+01
-7.794000244140625000e+01
-8.100000000000000000e+01
-8.466999816894531250e+01
-7.766999816894531250e+01
-8.530999755859375000e+01
-8.375000000000000000e+01
-1.390000000000000000e+02
-8.780000305175781250e+01
-1.050000000000000000e+02
-8.481999969482421875e+01
-8.391000366210937500e+01
-9.319999694824218750e+01
-8.820999908447265625e+01
-8.813999938964843750e+01
-8.644000244140625000e+01
-8.766999816894531250e+01
-8.962999725341796875e+01
-8.766999816894531250e+01
-8.925000000000000000e+01
-9.008000183105468750e+01
-8.766000366210937500e+01
-9.013999938964843750e+01
-8.700000000000000000e+01
-8.519999694824218750e+01
-8.895999908447265625e+01
-1.075000000000000000e+02
-9.233000183105468750e+01
-8.800000000000000000e+01
-8.775000000000000000e+01
-8.558999633789062500e+01
-1.070000000000000000e+02
-8.300000000000000000e+01
-1.006699981689453125e+02
-1.036699981689453125e+02
-9.900000000000000000e+01
-1.050899963378906250e+02
-1.019199981689453125e+02
-9.970999908447265625e+01
-9.937999725341796875e+01
-1.075000000000000000e+02
-1.012699966430664062e+02
-8.766999816894531250e+01
-1.005000000000000000e+02
-8.862999725341796875e+01
-1.028300018310546875e+02
-1.047500000000000000e+02
-1.052500000000000000e+02
-1.011699981689453125e+02
-1.056699981689453125e+02
-9.244999694824218750e+01
-8.555000305175781250e+01
-1.012500000000000000e+02
-1.195000000000000000e+02
-9.550000000000000000e+01
-1.000000000000000000e+02
-1.045000000000000000e+02
-1.010000000000000000e+02
-9.400000000000000000e+01
-8.700000000000000000e+01
-9.650000000000000000e+01
-8.050000000000000000e+01
-1.090000000000000000e+02
-9.177999877929687500e+01
-9.050000000000000000e+01
-9.137999725341796875e+01
-1.215000000000000000e+02
-8.700000000000000000e+01
-8.550000000000000000e+01
-8.250000000000000000e+01
-8.736000061035156250e+01
-7.912999725341796875e+01
-7.870999908447265625e+01
-9.259999847412109375e+01
-8.241000366210937500e+01
-8.887999725341796875e+01
-7.938999938964843750e+01
-1.143300018310546875e+02
-9.044999694824218750e+01
-9.463999938964843750e+01
-1.155000000000000000e+02
-9.530999755859375000e+01
-9.050000000000000000e+01
-9.405000305175781250e+01
-8.918000030517578125e+01
-8.598000335693359375e+01
-9.183000183105468750e+01
-8.720999908447265625e+01
-8.298000335693359375e+01
-8.925000000000000000e+01
-9.230000305175781250e+01
-8.687000274658203125e+01
-8.143000030517578125e+01
-8.100000000000000000e+01
-9.130000305175781250e+01
-8.509999847412109375e+01
-8.441000366210937500e+01
-8.687999725341796875e+01
-8.873999786376953125e+01
-8.300000000000000000e+01
-9.461000061035156250e+01
-8.725000000000000000e+01
-8.518000030517578125e+01
-9.600000000000000000e+01
-1.180000000000000000e+02
-1.105000000000000000e+02
-1.125000000000000000e+02
-1.130000000000000000e+02
-1.064000015258789062e+02
-1.170000000000000000e+02
-8.733000183105468750e+01
-8.650000000000000000e+01
-9.500000000000000000e+01
-9.076000213623046875e+01
-1.030000000000000000e+02
-1.026699981689453125e+02
-8.750000000000000000e+01
-1.055000000000000000e+02
-1.040000000000000000e+02
-1.008000030517578125e+02
-1.045000000000000000e+02
-1.032500000000000000e+02
-1.077500000000000000e+02
-1.014199981689453125e+02
-1.008199996948242188e+02
-9.766999816894531250e+01
-9.919999694824218750e+01
-1.048000030517578125e+02
-1.037500000000000000e+02
-1.065999984741210938e+02
-1.001299972534179688e+02
-9.650000000000000000e+01
-1.082300033569335938e+02
-1.070000000000000000e+02
-1.050000000000000000e+02
-9.200000000000000000e+01
-8.350000000000000000e+01
-9.633000183105468750e+01
-7.200000000000000000e+01
-8.650000000000000000e+01
-9.100000000000000000e+01
-9.250000000000000000e+01
-9.550000000000000000e+01
-1.013300018310546875e+02
-8.919999694824218750e+01
-1.280000000000000000e+02
-8.500000000000000000e+01
-8.880000305175781250e+01
-8.900000000000000000e+01
-8.186000061035156250e+01
-8.466999816894531250e+01
-9.462000274658203125e+01
-7.941999816894531250e+01
-8.719999694824218750e+01
-7.915000152587890625e+01
-1.230000000000000000e+02
-1.180000000000000000e+02
-8.104000091552734375e+01
-8.055999755859375000e+01
-8.955000305175781250e+01
-9.545999908447265625e+01
-9.030999755859375000e+01
-8.743000030517578125e+01
-8.044999694824218750e+01
-8.583000183105468750e+01
-8.895999908447265625e+01
-9.006999969482421875e+01
-9.609999847412109375e+01
-9.433000183105468750e+01
-7.725000000000000000e+01
-9.322000122070312500e+01
-7.900000000000000000e+01
-9.230000305175781250e+01
-1.260000000000000000e+02
-7.941999816894531250e+01
-8.758999633789062500e+01
-9.494000244140625000e+01
-9.200000000000000000e+01
-9.169000244140625000e+01
-8.850000000000000000e+01
-8.519000244140625000e+01
-1.300000000000000000e+02
-9.950000000000000000e+01
-1.048000030517578125e+02
-1.010000000000000000e+02
-1.036699981689453125e+02
-9.950000000000000000e+01
-1.005999984741210938e+02
-1.090000000000000000e+02
-1.037500000000000000e+02
-1.020000000000000000e+02
-1.065500030517578125e+02
-1.008000030517578125e+02
-1.048899993896484375e+02
-1.001999969482421875e+02
-1.048300018310546875e+02
-1.040000000000000000e+02
-1.030000000000000000e+02
-1.076699981689453125e+02
-1.045000000000000000e+02
-1.085000000000000000e+02
-1.018000030517578125e+02
-9.400000000000000000e+01
-1.090000000000000000e+02
-9.700000000000000000e+01
-1.040000000000000000e+02
-1.026699981689453125e+02
-1.065000000000000000e+02
-9.100000000000000000e+01
-9.850000000000000000e+01
-9.400000000000000000e+01
-1.025000000000000000e+02
-1.103300018310546875e+02
-1.097500000000000000e+02
-1.031999969482421875e+02
-1.010000000000000000e+02
-1.024000015258789062e+02
-1.035000000000000000e+02
-1.090000000000000000e+02
-9.300000000000000000e+01
-9.363999938964843750e+01
-1.036500015258789062e+02
-8.945999908447265625e+01
-9.311000061035156250e+01
-8.880000305175781250e+01
-8.804000091552734375e+01
-9.048000335693359375e+01
-9.325000000000000000e+01
-1.034000015258789062e+02
-1.030400009155273438e+02
-9.300000000000000000e+01
-8.800000000000000000e+01
-9.544000244140625000e+01
-8.705000305175781250e+01
-9.125000000000000000e+01
-8.751000213623046875e+01
-1.043600006103515625e+02
-1.060000000000000000e+02
-9.536000061035156250e+01
-9.459999847412109375e+01
-9.358000183105468750e+01
-9.150000000000000000e+01
-9.152999877929687500e+01
-8.550000000000000000e+01
-9.250000000000000000e+01
-8.700000000000000000e+01
-8.770999908447265625e+01
-1.100000000000000000e+02
-8.500000000000000000e+01
-9.087999725341796875e+01
-9.370999908447265625e+01
-8.805000305175781250e+01
-7.973999786376953125e+01
-1.172200012207031250e+02
-8.819999694824218750e+01
-8.858000183105468750e+01
-8.752999877929687500e+01
-8.670999908447265625e+01
-8.550000000000000000e+01
-1.066699981689453125e+02
-9.031999969482421875e+01
-8.675000000000000000e+01
-8.956999969482421875e+01
-8.409999847412109375e+01
-1.150000000000000000e+02
-1.070000000000000000e+02
-8.762999725341796875e+01
-8.565000152587890625e+01
-9.100000000000000000e+01
-8.104000091552734375e+01
-8.426000213623046875e+01
-8.784999847412109375e+01
-8.555000305175781250e+01
-8.987999725341796875e+01
-8.680000305175781250e+01
-8.612000274658203125e+01
-8.252999877929687500e+01
-9.500000000000000000e+01
-8.000000000000000000e+01
-1.143799972534179688e+02
-8.650000000000000000e+01
-8.000000000000000000e+01
-1.073600006103515625e+02
-1.031299972534179688e+02
-1.008600006103515625e+02
-8.183000183105468750e+01
-8.600000000000000000e+01
-8.630000305175781250e+01
-9.650000000000000000e+01
-1.000000000000000000e+02
-9.200000000000000000e+01
-1.075000000000000000e+02
-9.250000000000000000e+01
-1.025000000000000000e+02
-1.023300018310546875e+02
-1.096100006103515625e+02
-1.006699981689453125e+02
-1.029199981689453125e+02
-1.083300018310546875e+02
-1.005000000000000000e+02
-1.015000000000000000e+02
-1.036699981689453125e+02
-9.100000000000000000e+01
-1.002500000000000000e+02
-9.400000000000000000e+01
-8.900000000000000000e+01
-9.733000183105468750e+01
-9.600000000000000000e+01
-8.666999816894531250e+01
-9.219999694824218750e+01
-9.433000183105468750e+01
-9.316999816894531250e+01
-7.750000000000000000e+01
-9.400000000000000000e+01
-8.650000000000000000e+01
-7.748000335693359375e+01
-8.766999816894531250e+01
-9.205000305175781250e+01
-8.551000213623046875e+01
-9.091999816894531250e+01
-1.017500000000000000e+02
-9.850000000000000000e+01
-9.123000335693359375e+01
-9.316000366210937500e+01
-9.291000366210937500e+01
-8.302999877929687500e+01
-9.116000366210937500e+01
-1.035000000000000000e+02
-9.750000000000000000e+01
-8.634999847412109375e+01
-8.469999694824218750e+01
-9.301999664306640625e+01
-8.608000183105468750e+01
-8.600000000000000000e+01
-8.009999847412109375e+01
-9.216999816894531250e+01
-8.580000305175781250e+01
-9.213999938964843750e+01
-8.259999847412109375e+01
-7.912999725341796875e+01
-8.550000000000000000e+01
-9.195999908447265625e+01
-9.200000000000000000e+01
-8.550000000000000000e+01
-8.300000000000000000e+01
-9.350000000000000000e+01
-8.720999908447265625e+01
-8.500000000000000000e+01
-9.250000000000000000e+01
-8.062000274658203125e+01
-1.120000000000000000e+02
-7.927999877929687500e+01
-7.830999755859375000e+01
-1.163300018310546875e+02
-8.591999816894531250e+01
-8.775000000000000000e+01
-8.611000061035156250e+01
-1.090000000000000000e+02
-8.727999877929687500e+01
-8.520999908447265625e+01
-8.675000000000000000e+01
-8.862999725341796875e+01
-8.872000122070312500e+01
-8.626000213623046875e+01
-9.180000305175781250e+01
-8.469999694824218750e+01
-8.741999816894531250e+01
-9.009999847412109375e+01
-8.530999755859375000e+01
-8.716999816894531250e+01
-8.154000091552734375e+01
-8.659999847412109375e+01
-8.954000091552734375e+01
-1.076699981689453125e+02
-8.375000000000000000e+01
-9.150000000000000000e+01
-8.737999725341796875e+01
-8.540000152587890625e+01
-1.088600006103515625e+02
-1.215000000000000000e+02
-9.450000000000000000e+01
-9.219999694824218750e+01
-9.133000183105468750e+01
-1.036399993896484375e+02
-8.526000213623046875e+01
-8.876999664306640625e+01
-8.469999694824218750e+01
-8.429000091552734375e+01
-9.900000000000000000e+01
-8.569999694824218750e+01
-8.837999725341796875e+01
-8.523999786376953125e+01
-8.420999908447265625e+01
-8.616000366210937500e+01
-1.023300018310546875e+02
-8.600000000000000000e+01
-8.781999969482421875e+01
-1.173300018310546875e+02
-1.034499969482421875e+02
-1.080000000000000000e+02
-8.961000061035156250e+01
-9.022000122070312500e+01
-8.755999755859375000e+01
-8.487999725341796875e+01
-8.731999969482421875e+01
-9.079000091552734375e+01
-8.569999694824218750e+01
-1.148600006103515625e+02
-8.200000000000000000e+01
-9.023999786376953125e+01
-8.351999664306640625e+01
-8.162999725341796875e+01
-8.740000152587890625e+01
-1.015000000000000000e+02
-9.019999694824218750e+01
-8.666999816894531250e+01
-8.300000000000000000e+01
-8.200000000000000000e+01
-9.733000183105468750e+01
-1.055000000000000000e+02
-9.059999847412109375e+01
-1.000000000000000000e+02
-1.085000000000000000e+02
-1.080000000000000000e+02
-1.045000000000000000e+02
-1.085000000000000000e+02
-1.005999984741210938e+02
-9.833000183105468750e+01
-9.900000000000000000e+01
-9.977999877929687500e+01
-1.061999969482421875e+02
-8.533000183105468750e+01
-1.145000000000000000e+02
-8.583000183105468750e+01
-7.933000183105468750e+01
-9.300000000000000000e+01
-9.333000183105468750e+01
-8.650000000000000000e+01
-8.319999694824218750e+01
-9.900000000000000000e+01
-8.581999969482421875e+01
-1.068600006103515625e+02
-8.686000061035156250e+01
-8.188999938964843750e+01
-9.100000000000000000e+01
-8.533000183105468750e+01
-1.074000015258789062e+02
-9.200000000000000000e+01
-9.400000000000000000e+01
-9.086000061035156250e+01
-8.300000000000000000e+01
-8.359999847412109375e+01
-9.150000000000000000e+01
-9.015000152587890625e+01
-8.833000183105468750e+01
-9.250000000000000000e+01
-8.752999877929687500e+01
-8.844000244140625000e+01
-9.533000183105468750e+01
-9.126999664306640625e+01
-9.866999816894531250e+01
-9.470999908447265625e+01
-9.509999847412109375e+01
-9.423999786376953125e+01
-9.633000183105468750e+01
-9.300000000000000000e+01
-8.570999908447265625e+01
-9.262000274658203125e+01
-8.473000335693359375e+01
-9.694999694824218750e+01
-9.704000091552734375e+01
-8.856999969482421875e+01
-8.359999847412109375e+01
-9.883000183105468750e+01
-9.408000183105468750e+01
-9.666999816894531250e+01
-9.283000183105468750e+01
-9.187000274658203125e+01
-9.650000000000000000e+01
-9.866999816894531250e+01
-9.540000152587890625e+01
-1.120000000000000000e+02
-9.700000000000000000e+01
-9.600000000000000000e+01
-9.583000183105468750e+01
-9.770999908447265625e+01
-9.770999908447265625e+01
-9.900000000000000000e+01
-9.566999816894531250e+01
-9.401999664306640625e+01
-1.018000030517578125e+02
-8.952999877929687500e+01
-9.176000213623046875e+01
-8.980999755859375000e+01
-9.545999908447265625e+01
-8.991000366210937500e+01
-9.098000335693359375e+01
-8.848000335693359375e+01
-9.425000000000000000e+01
-9.675000000000000000e+01
-8.894000244140625000e+01
-9.450000000000000000e+01
-9.577999877929687500e+01
-9.463999938964843750e+01
-9.508999633789062500e+01
-9.755999755859375000e+01
-9.566999816894531250e+01
-1.027500000000000000e+02
-9.475000000000000000e+01
-9.408000183105468750e+01
-9.425000000000000000e+01
-8.500000000000000000e+01
-7.933000183105468750e+01
-1.253300018310546875e+02
-1.070000000000000000e+02
-8.400000000000000000e+01
-1.090000000000000000e+02
-8.700000000000000000e+01
-8.333000183105468750e+01
-8.166999816894531250e+01
-8.112999725341796875e+01
-1.040000000000000000e+02
-1.090000000000000000e+02
-8.225000000000000000e+01
-9.019999694824218750e+01
-9.816999816894531250e+01
-8.950000000000000000e+01
-1.070000000000000000e+02
-1.135000000000000000e+02
-8.866999816894531250e+01
-8.959999847412109375e+01
-1.120000000000000000e+02
-1.125999984741210938e+02
-9.479000091552734375e+01
-1.180000000000000000e+02
-1.135000000000000000e+02
-1.136699981689453125e+02
-1.051699981689453125e+02
-1.015000000000000000e+02
-9.780000305175781250e+01
-9.533000183105468750e+01
-1.070000000000000000e+02
-9.645999908447265625e+01
-9.233000183105468750e+01
-9.480999755859375000e+01
-9.416999816894531250e+01
-9.565000152587890625e+01
-9.050000000000000000e+01
-9.411000061035156250e+01
-9.640000152587890625e+01
-9.700000000000000000e+01
-9.600000000000000000e+01
-9.452999877929687500e+01
-9.780000305175781250e+01
-9.333000183105468750e+01
-9.180000305175781250e+01
-9.266999816894531250e+01
-8.655999755859375000e+01
-8.925000000000000000e+01
-8.605999755859375000e+01
-9.250000000000000000e+01
-8.200000000000000000e+01
-9.283000183105468750e+01
-9.875000000000000000e+01
-8.856999969482421875e+01
-9.750000000000000000e+01
-9.266999816894531250e+01
-9.050000000000000000e+01
-9.033000183105468750e+01
-8.350000000000000000e+01
-8.937999725341796875e+01
-1.031999969482421875e+02
-8.788999938964843750e+01
-9.883000183105468750e+01
-9.200000000000000000e+01
-1.090000000000000000e+02
-9.800000000000000000e+01
-1.120000000000000000e+02
-1.004000015258789062e+02
-1.010000000000000000e+02
-1.135000000000000000e+02
-1.005000000000000000e+02
-1.061699981689453125e+02
-9.919999694824218750e+01
-1.018600006103515625e+02
-1.030000000000000000e+02
-1.060000000000000000e+02
-1.051299972534179688e+02
-1.013600006103515625e+02
-1.042500000000000000e+02
-1.003300018310546875e+02
-1.008000030517578125e+02
-9.966999816894531250e+01
-1.056699981689453125e+02
-1.042500000000000000e+02
-1.115000000000000000e+02
-1.068000030517578125e+02
-1.042500000000000000e+02
-1.027500000000000000e+02
-1.035000000000000000e+02
-1.013300018310546875e+02
-1.015999984741210938e+02
-1.040000000000000000e+02
-1.093300018310546875e+02
-1.085000000000000000e+02
-9.037999725341796875e+01
-9.000000000000000000e+01
-9.987999725341796875e+01
-1.044300003051757812e+02
-9.900000000000000000e+01
-9.700000000000000000e+01
-9.343000030517578125e+01
-9.944000244140625000e+01
-1.057600021362304688e+02
-9.725000000000000000e+01
-9.961000061035156250e+01
-1.027600021362304688e+02
-1.060000000000000000e+02
-9.926999664306640625e+01
-1.025999984741210938e+02
-8.666999816894531250e+01
-1.050000000000000000e+02
-1.061999969482421875e+02
-8.375000000000000000e+01
-9.119999694824218750e+01
-9.250000000000000000e+01
-9.933000183105468750e+01
-1.025000000000000000e+02
-9.205000305175781250e+01
-9.013999938964843750e+01
-9.250000000000000000e+01
-9.086000061035156250e+01
-8.300000000000000000e+01
-8.466999816894531250e+01
-7.233000183105468750e+01
-8.800000000000000000e+01
-8.363999938964843750e+01
-8.709999847412109375e+01
-8.500000000000000000e+01
-8.736000061035156250e+01
-1.095000000000000000e+02
-8.848000335693359375e+01
-8.850000000000000000e+01
-8.419999694824218750e+01
-8.733000183105468750e+01
-8.841000366210937500e+01
-9.030999755859375000e+01
-8.847000122070312500e+01
-9.140000152587890625e+01
-8.654000091552734375e+01
-8.754000091552734375e+01
-7.926999664306640625e+01
-8.488999938964843750e+01
-1.055000000000000000e+02
-9.262999725341796875e+01
-9.600000000000000000e+01
-8.522000122070312500e+01
-1.150000000000000000e+02
-8.800000000000000000e+01
-8.838999938964843750e+01
-8.343000030517578125e+01
-8.350000000000000000e+01
-9.750000000000000000e+01
-1.005000000000000000e+02
-8.759999847412109375e+01
-1.020000000000000000e+02
-1.060800018310546875e+02
-1.002500000000000000e+02
-1.000000000000000000e+02
-1.021699981689453125e+02
-1.026299972534179688e+02
-1.005000000000000000e+02
-1.030000000000000000e+02
-9.900000000000000000e+01
-1.028799972534179688e+02
-9.913999938964843750e+01
-1.027500000000000000e+02
-8.833000183105468750e+01
-8.250000000000000000e+01
-1.080000000000000000e+02
-8.400000000000000000e+01
-8.426999664306640625e+01
-8.566000366210937500e+01
-8.666999816894531250e+01
-7.966999816894531250e+01
-9.343000030517578125e+01
-8.436000061035156250e+01
-8.783000183105468750e+01
-8.734999847412109375e+01
-8.987999725341796875e+01
-8.733000183105468750e+01
-8.634999847412109375e+01
-8.968000030517578125e+01
-8.766999816894531250e+01
-1.060000000000000000e+02
-8.770999908447265625e+01
-8.380999755859375000e+01
-8.668000030517578125e+01
-8.820999908447265625e+01
-8.712999725341796875e+01
-1.058000030517578125e+02
-8.775000000000000000e+01
-9.600000000000000000e+01
-1.185000000000000000e+02
-8.700000000000000000e+01
-8.700000000000000000e+01
-8.800000000000000000e+01
-8.552999877929687500e+01
-8.400000000000000000e+01
-8.363999938964843750e+01
-1.065000000000000000e+02
-1.030000000000000000e+02
-1.015000000000000000e+02
-1.045000000000000000e+02
-1.105000000000000000e+02
-8.400000000000000000e+01
-9.462999725341796875e+01
-8.241999816894531250e+01
-1.043300018310546875e+02
-9.150000000000000000e+01
-9.752999877929687500e+01
-9.700000000000000000e+01
-9.725000000000000000e+01
-9.202999877929687500e+01
-9.534999847412109375e+01
-9.350000000000000000e+01
-8.569999694824218750e+01
-9.429000091552734375e+01
-8.850000000000000000e+01
-9.386000061035156250e+01
-9.750000000000000000e+01
-9.400000000000000000e+01
-9.925000000000000000e+01
-9.550000000000000000e+01
-9.159999847412109375e+01
-9.850000000000000000e+01
-8.745999908447265625e+01
-9.425000000000000000e+01
-9.525000000000000000e+01
-9.470999908447265625e+01
-8.950000000000000000e+01
-9.019999694824218750e+01
-1.086699981689453125e+02
-1.105000000000000000e+02
-1.040000000000000000e+02
-8.912999725341796875e+01
-9.991000366210937500e+01
-9.825000000000000000e+01
-9.969999694824218750e+01
-1.013000030517578125e+02
-1.042500000000000000e+02
-9.968000030517578125e+01
-1.001100006103515625e+02
-9.743000030517578125e+01
-9.850000000000000000e+01
-8.713999938964843750e+01
-9.756999969482421875e+01
-9.826000213623046875e+01
-9.069999694824218750e+01
-1.038300018310546875e+02
-8.745999908447265625e+01
-1.042300033569335938e+02
-1.040000000000000000e+02
-1.038000030517578125e+02
-1.043300018310546875e+02
-1.125000000000000000e+02
-9.619999694824218750e+01
-1.160000000000000000e+02
-1.060000000000000000e+02
-1.007500000000000000e+02
-1.038600006103515625e+02
-1.050000000000000000e+02
-1.026699981689453125e+02
-1.016299972534179688e+02
-1.016699981689453125e+02
-1.076900024414062500e+02
-1.000000000000000000e+02
-1.051800003051757812e+02
-1.030000000000000000e+02
-1.075000000000000000e+02
-1.012500000000000000e+02
-1.130000000000000000e+02
-8.045999908447265625e+01
-8.359999847412109375e+01
-1.136699981689453125e+02
-1.075000000000000000e+02
-1.025000000000000000e+02
-1.075000000000000000e+02
-1.045000000000000000e+02
-1.021399993896484375e+02
-9.588999938964843750e+01
-8.750000000000000000e+01
-9.376999664306640625e+01
-9.400000000000000000e+01
-9.169000244140625000e+01
-9.800000000000000000e+01
-9.406999969482421875e+01
-9.380000305175781250e+01
-9.634999847412109375e+01
-9.084999847412109375e+01
-9.238999938964843750e+01
-9.166999816894531250e+01
-9.283000183105468750e+01
-9.544000244140625000e+01
-9.316999816894531250e+01
-9.486000061035156250e+01
-9.483000183105468750e+01
-9.369000244140625000e+01
-9.673999786376953125e+01
-9.866999816894531250e+01
-9.381999969482421875e+01
-9.390000152587890625e+01
-1.001999969482421875e+02
-9.309999847412109375e+01
-9.433000183105468750e+01
-9.483000183105468750e+01
-9.386000061035156250e+01
-8.059999847412109375e+01
-9.100000000000000000e+01
-1.100000000000000000e+02
-9.250000000000000000e+01
-9.133000183105468750e+01
-8.340000152587890625e+01
-1.070000000000000000e+02
-8.193000030517578125e+01
-8.419999694824218750e+01
-8.322000122070312500e+01
-8.594000244140625000e+01
-9.241000366210937500e+01
-1.156699981689453125e+02
-8.700000000000000000e+01
-8.684999847412109375e+01
-8.898000335693359375e+01
-9.819999694824218750e+01
-9.090000152587890625e+01
-9.248000335693359375e+01
-8.812000274658203125e+01
-8.745999908447265625e+01
-8.838999938964843750e+01
-8.909999847412109375e+01
-9.277999877929687500e+01
-8.750000000000000000e+01
-8.791999816894531250e+01
-8.441999816894531250e+01
-8.395999908447265625e+01
-8.083999633789062500e+01
-7.770999908447265625e+01
-8.877999877929687500e+01
-9.200000000000000000e+01
-8.355000305175781250e+01
-9.800000000000000000e+01
-8.494000244140625000e+01
-8.430000305175781250e+01
-7.855000305175781250e+01
-1.040000000000000000e+02
-9.200000000000000000e+01
-9.850000000000000000e+01
-9.400000000000000000e+01
-9.550000000000000000e+01
-9.400000000000000000e+01
-8.862000274658203125e+01
-8.369999694824218750e+01
-7.794999694824218750e+01
-8.569000244140625000e+01
-9.075000000000000000e+01
-9.744999694824218750e+01
-8.583000183105468750e+01
-8.348000335693359375e+01
-8.576000213623046875e+01
-8.948000335693359375e+01
-8.593000030517578125e+01
-8.766999816894531250e+01
-8.926000213623046875e+01
-8.184999847412109375e+01
-9.200000000000000000e+01
-8.372000122070312500e+01
-8.758999633789062500e+01
-9.330000305175781250e+01
-8.970999908447265625e+01
-8.981999969482421875e+01
-9.533000183105468750e+01
-8.600000000000000000e+01
-8.305999755859375000e+01
-8.666999816894531250e+01
-8.512999725341796875e+01
-1.130000000000000000e+02
-9.400000000000000000e+01
-8.880000305175781250e+01
-8.733000183105468750e+01
-9.437999725341796875e+01
-9.059999847412109375e+01
-7.750000000000000000e+01
-8.426999664306640625e+01
-1.146699981689453125e+02
-1.140000000000000000e+02
-8.300000000000000000e+01
-7.950000000000000000e+01
-8.875000000000000000e+01
-9.300000000000000000e+01
-8.750000000000000000e+01
-8.800000000000000000e+01
-8.866999816894531250e+01
-8.400000000000000000e+01
-8.750000000000000000e+01
-1.047099990844726562e+02
-1.220000000000000000e+02
-9.040000152587890625e+01
-8.700000000000000000e+01
-9.009999847412109375e+01
-8.250000000000000000e+01
-1.015000000000000000e+02
-1.070000000000000000e+02
-1.035000000000000000e+02
-1.050000000000000000e+02
-1.080000000000000000e+02
-9.650000000000000000e+01
-1.128000030517578125e+02
-1.135000000000000000e+02
-9.250000000000000000e+01
-1.008000030517578125e+02
-1.110000000000000000e+02
-1.042900009155273438e+02
-1.050000000000000000e+02
-1.013300018310546875e+02
-1.010000000000000000e+02
-1.080000000000000000e+02
-1.045000000000000000e+02
-9.856999969482421875e+01
-1.030000000000000000e+02
-1.011299972534179688e+02
-9.888999938964843750e+01
-1.101999969482421875e+02
-8.866999816894531250e+01
-1.035000000000000000e+02
-1.080000000000000000e+02
-1.105000000000000000e+02
-9.950000000000000000e+01
-8.900000000000000000e+01
-9.650000000000000000e+01
-1.100000000000000000e+02
-9.000000000000000000e+01
-1.077500000000000000e+02
-1.070000000000000000e+02
-1.051699981689453125e+02
-1.007500000000000000e+02
-9.000000000000000000e+01
-1.010000000000000000e+02
-9.466999816894531250e+01
-8.634999847412109375e+01
-9.062999725341796875e+01
-1.054700012207031250e+02
-1.001800003051757812e+02
-1.005899963378906250e+02
-9.991000366210937500e+01
-1.051399993896484375e+02
-9.868000030517578125e+01
-1.024400024414062500e+02
-1.070000000000000000e+02
-9.840000152587890625e+01
-9.883000183105468750e+01
-8.625000000000000000e+01
-7.900000000000000000e+01
-8.550000000000000000e+01
-9.243000030517578125e+01
-1.160000000000000000e+02
-9.862999725341796875e+01
-1.030000000000000000e+02
-9.150000000000000000e+01
-9.066999816894531250e+01
-9.133000183105468750e+01
-9.213999938964843750e+01
-8.450000000000000000e+01
-9.700000000000000000e+01
-1.043300018310546875e+02
-8.419999694824218750e+01
-8.500000000000000000e+01
-9.250000000000000000e+01
-8.487999725341796875e+01
-1.155000000000000000e+02
-8.500000000000000000e+01
-9.380000305175781250e+01
-8.875000000000000000e+01
-8.362999725341796875e+01
-8.700000000000000000e+01
-8.340000152587890625e+01
-1.020000000000000000e+02
-1.074700012207031250e+02
-1.017500000000000000e+02
-9.050000000000000000e+01
-9.350000000000000000e+01
-1.120000000000000000e+02
-1.030000000000000000e+02
-9.600000000000000000e+01
-1.035000000000000000e+02
-1.015999984741210938e+02
-1.010000000000000000e+02
-1.016699981689453125e+02
-1.026699981689453125e+02
-9.000000000000000000e+01
-1.050800018310546875e+02
-1.006299972534179688e+02
-1.032500000000000000e+02
-9.700000000000000000e+01
-1.035000000000000000e+02
-1.039499969482421875e+02
-9.076999664306640625e+01
-1.013600006103515625e+02
-9.159999847412109375e+01
-9.852999877929687500e+01
-1.000999984741210938e+02
-9.240000152587890625e+01
-1.062900009155273438e+02
-1.047600021362304688e+02
-1.022900009155273438e+02
-9.866999816894531250e+01
-1.080000000000000000e+02
-9.800000000000000000e+01
-8.400000000000000000e+01
-1.087500000000000000e+02
-1.110000000000000000e+02
-1.132500000000000000e+02
-1.045000000000000000e+02
-9.025000000000000000e+01
-8.800000000000000000e+01
-9.300000000000000000e+01
-8.050000000000000000e+01
-1.060000000000000000e+02
-8.811000061035156250e+01
-8.886000061035156250e+01
-9.250000000000000000e+01
-1.085000000000000000e+02
-1.043300018310546875e+02
-9.711000061035156250e+01
-9.930000305175781250e+01
-1.032900009155273438e+02
-9.919999694824218750e+01
-1.015699996948242188e+02
-9.422000122070312500e+01
-1.009100036621093750e+02
-1.045899963378906250e+02
-1.031800003051757812e+02
-1.069000015258789062e+02
-9.983000183105468750e+01
-1.055000000000000000e+02
-1.035000000000000000e+02
-9.500000000000000000e+01
-1.008799972534179688e+02
-9.400000000000000000e+01
-1.022500000000000000e+02
-8.033000183105468750e+01
-1.050000000000000000e+02
-1.025000000000000000e+02
-9.833000183105468750e+01
-1.095000000000000000e+02
-1.103300018310546875e+02
-9.600000000000000000e+01
-8.933000183105468750e+01
-8.261000061035156250e+01
-8.526999664306640625e+01
-8.625000000000000000e+01
-8.877999877929687500e+01
-1.066399993896484375e+02
-1.105599975585937500e+02
-8.275000000000000000e+01
-8.416999816894531250e+01
-1.116699981689453125e+02
-1.013300018310546875e+02
-8.869000244140625000e+01
-8.544000244140625000e+01
-8.395999908447265625e+01
-8.298000335693359375e+01
-8.680000305175781250e+01
-1.145999984741210938e+02
-8.616999816894531250e+01
-9.151999664306640625e+01
-8.255999755859375000e+01
-9.270999908447265625e+01
-9.023000335693359375e+01
-8.369000244140625000e+01
-8.525000000000000000e+01
-9.034999847412109375e+01
-1.044499969482421875e+02
-8.850000000000000000e+01
-8.437000274658203125e+01
-8.866999816894531250e+01
-8.675000000000000000e+01
-9.100000000000000000e+01
-8.419999694824218750e+01
-1.293300018310546875e+02
-9.900000000000000000e+01
-1.025000000000000000e+02
-1.105000000000000000e+02
-1.025000000000000000e+02
-1.086699981689453125e+02
-1.096699981689453125e+02
-1.075000000000000000e+02
-9.600000000000000000e+01
-1.026200027465820312e+02
-1.014400024414062500e+02
-1.037099990844726562e+02
-8.716000366210937500e+01
-1.038899993896484375e+02
-8.687000274658203125e+01
-9.666999816894531250e+01
-9.425000000000000000e+01
-8.766999816894531250e+01
-9.125000000000000000e+01
-9.012999725341796875e+01
-8.679000091552734375e+01
-8.912999725341796875e+01
-9.100000000000000000e+01
-8.947000122070312500e+01
-9.675000000000000000e+01
-9.141000366210937500e+01
-9.775000000000000000e+01
-9.966999816894531250e+01
-9.675000000000000000e+01
-8.000000000000000000e+01
-9.140000152587890625e+01
-9.483000183105468750e+01
-9.075000000000000000e+01
-9.450000000000000000e+01
-9.966999816894531250e+01
-9.462999725341796875e+01
-9.869999694824218750e+01
-1.190000000000000000e+02
-1.100000000000000000e+02
-1.140000000000000000e+02
-1.170000000000000000e+02
-1.154300003051757812e+02
-9.433000183105468750e+01
-9.800000000000000000e+01
-1.047500000000000000e+02
-9.391000366210937500e+01
-1.071999969482421875e+02
-9.041999816894531250e+01
-8.850000000000000000e+01
-8.813999938964843750e+01
-9.266999816894531250e+01
-9.466999816894531250e+01
-9.100000000000000000e+01
-9.387999725341796875e+01
-9.680000305175781250e+01
-9.313999938964843750e+01
-9.987999725341796875e+01
-1.005400009155273438e+02
-9.066999816894531250e+01
-9.630000305175781250e+01
-8.980999755859375000e+01
-1.052099990844726562e+02
-8.937999725341796875e+01
-8.775000000000000000e+01
-1.013199996948242188e+02
-9.562999725341796875e+01
-1.011999969482421875e+02
-1.041500015258789062e+02
-1.008199996948242188e+02
-9.566999816894531250e+01
-8.950000000000000000e+01
-8.877999877929687500e+01
-8.700000000000000000e+01
-1.135000000000000000e+02
-9.633000183105468750e+01
-8.722000122070312500e+01
-8.605000305175781250e+01
-8.555999755859375000e+01
-9.005000305175781250e+01
-9.100000000000000000e+01
-1.013300018310546875e+02
-8.612999725341796875e+01
-1.132200012207031250e+02
-8.044999694824218750e+01
-1.030000000000000000e+02
-8.369999694824218750e+01
-8.737999725341796875e+01
-9.100000000000000000e+01
-8.965000152587890625e+01
-8.691000366210937500e+01
-8.833000183105468750e+01
-8.669000244140625000e+01
-8.351000213623046875e+01
-8.552999877929687500e+01
-8.600000000000000000e+01
-9.118000030517578125e+01
-1.082900009155273438e+02
-8.319999694824218750e+01
-7.786000061035156250e+01
-8.466999816894531250e+01
-9.156999969482421875e+01
-1.020000000000000000e+02
-8.800000000000000000e+01
-8.700000000000000000e+01
-1.055000000000000000e+02
-1.110000000000000000e+02
-8.700000000000000000e+01
-9.250000000000000000e+01
-1.011999969482421875e+02
-1.020000000000000000e+02
-1.054700012207031250e+02
-1.001399993896484375e+02
-1.025000000000000000e+02
-1.025000000000000000e+02
-1.000000000000000000e+02
-1.111299972534179688e+02
-1.025000000000000000e+02
-1.005899963378906250e+02
-1.036699981689453125e+02
-1.037500000000000000e+02
-1.078199996948242188e+02
-9.850000000000000000e+01
-1.105000000000000000e+02
-1.070000000000000000e+02
-1.080000000000000000e+02
-7.950000000000000000e+01
-7.900000000000000000e+01
-8.147000122070312500e+01
-8.300000000000000000e+01
-9.400000000000000000e+01
-8.108999633789062500e+01
-1.051200027465820312e+02
-1.040000000000000000e+02
-1.026999969482421875e+02
-1.050800018310546875e+02
-8.250000000000000000e+01
-9.775000000000000000e+01
-7.880000305175781250e+01
-1.080000000000000000e+02
-1.085000000000000000e+02
-1.100000000000000000e+02
-8.900000000000000000e+01
-9.850000000000000000e+01
-1.125000000000000000e+02
-8.650000000000000000e+01
-9.200000000000000000e+01
-8.900000000000000000e+01
-9.300000000000000000e+01
-9.691000366210937500e+01
-9.606999969482421875e+01
-8.450000000000000000e+01
-9.683000183105468750e+01
-9.195999908447265625e+01
-9.266999816894531250e+01
-9.394999694824218750e+01
-9.733000183105468750e+01
-9.315000152587890625e+01
-9.504000091552734375e+01
-9.487999725341796875e+01
-9.366999816894531250e+01
-9.687999725341796875e+01
-8.469999694824218750e+01
-9.195999908447265625e+01
-8.808999633789062500e+01
-9.833000183105468750e+01
-9.255999755859375000e+01
-9.650000000000000000e+01
-8.500000000000000000e+01
-9.005999755859375000e+01
-9.450000000000000000e+01
-8.800000000000000000e+01
-8.780000305175781250e+01
-8.733000183105468750e+01
-9.019999694824218750e+01
-1.215000000000000000e+02
-8.100000000000000000e+01
-8.600000000000000000e+01
-1.050000000000000000e+02
-1.013300018310546875e+02
-1.045000000000000000e+02
-1.021999969482421875e+02
-1.020000000000000000e+02
-1.020000000000000000e+02
-1.110000000000000000e+02
-8.500000000000000000e+01
-9.150000000000000000e+01
-9.333000183105468750e+01
-1.095000000000000000e+02
-7.800000000000000000e+01
-7.855000305175781250e+01
-7.700000000000000000e+01
-1.102500000000000000e+02
-1.095000000000000000e+02
-8.383000183105468750e+01
-9.750000000000000000e+01
-1.185000000000000000e+02
-8.537999725341796875e+01
-8.308000183105468750e+01
-8.150000000000000000e+01
-1.031100006103515625e+02
-9.800000000000000000e+01
-1.045699996948242188e+02
-1.026699981689453125e+02
-1.040000000000000000e+02
-9.400000000000000000e+01
-9.300000000000000000e+01
-1.045000000000000000e+02
-8.900000000000000000e+01
-8.116999816894531250e+01
-8.023000335693359375e+01
-8.780000305175781250e+01
-8.050000000000000000e+01
-9.308999633789062500e+01
-8.905999755859375000e+01
-8.095999908447265625e+01
-8.680999755859375000e+01
-8.230999755859375000e+01
-9.143000030517578125e+01
-8.405000305175781250e+01
-8.945999908447265625e+01
-9.195999908447265625e+01
-8.995999908447265625e+01
-8.850000000000000000e+01
-1.195000000000000000e+02
-9.659999847412109375e+01
-9.687999725341796875e+01
-8.687000274658203125e+01
-8.683000183105468750e+01
-8.630999755859375000e+01
-8.606999969482421875e+01
-8.933000183105468750e+01
-9.459999847412109375e+01
-9.155000305175781250e+01
-9.326999664306640625e+01
-8.736000061035156250e+01
-8.025000000000000000e+01
-1.050000000000000000e+02
-8.636000061035156250e+01
-9.106999969482421875e+01
-6.666999816894531250e+01
-1.225000000000000000e+02
-8.459999847412109375e+01
-1.016699981689453125e+02
-1.006200027465820312e+02
-9.833000183105468750e+01
-1.050000000000000000e+02
-9.779000091552734375e+01
-1.016699981689453125e+02
-9.855999755859375000e+01
-1.050000000000000000e+02
-1.003000030517578125e+02
-8.752999877929687500e+01
-1.013000030517578125e+02
-8.633000183105468750e+01
-8.700000000000000000e+01
-1.063300018310546875e+02
-9.394000244140625000e+01
-9.994000244140625000e+01
-9.166999816894531250e+01
-9.933000183105468750e+01
-1.061699981689453125e+02
-8.450000000000000000e+01
-8.951999664306640625e+01
-1.105000000000000000e+02
-9.783000183105468750e+01
-1.026699981689453125e+02
-1.050000000000000000e+02
-8.440000152587890625e+01
-8.861000061035156250e+01
-8.729000091552734375e+01
-8.937999725341796875e+01
-9.018000030517578125e+01
-9.600000000000000000e+01
-8.362000274658203125e+01
-7.986000061035156250e+01
-8.673000335693359375e+01
-8.470999908447265625e+01
-8.559999847412109375e+01
-8.743000030517578125e+01
-8.820999908447265625e+01
-8.677999877929687500e+01
-8.806999969482421875e+01
-1.114400024414062500e+02
-8.516000366210937500e+01
-1.045000000000000000e+02
-8.584999847412109375e+01
-1.085000000000000000e+02
-8.115000152587890625e+01
-8.241000366210937500e+01
-1.190000000000000000e+02
-8.362000274658203125e+01
-8.591000366210937500e+01
-8.525000000000000000e+01
-9.700000000000000000e+01
-8.950000000000000000e+01
-8.755000305175781250e+01
-9.095999908447265625e+01
-9.336000061035156250e+01
-8.300000000000000000e+01
-1.112500000000000000e+02
-1.027500000000000000e+02
-8.080000305175781250e+01
-1.093300018310546875e+02
-8.462000274658203125e+01
-1.000000000000000000e+02
-7.700000000000000000e+01
-8.500000000000000000e+01
-1.018300018310546875e+02
-8.158000183105468750e+01
-8.200000000000000000e+01
-8.819999694824218750e+01
-9.587999725341796875e+01
-1.150000000000000000e+02
-8.208000183105468750e+01
-9.137999725341796875e+01
-9.233000183105468750e+01
-9.056999969482421875e+01
-8.493000030517578125e+01
-1.245000000000000000e+02
-9.250000000000000000e+01
-8.670999908447265625e+01
-8.750000000000000000e+01
-9.200000000000000000e+01
-8.333000183105468750e+01
-8.581999969482421875e+01
-8.887000274658203125e+01
-8.944000244140625000e+01
-8.488999938964843750e+01
-9.226999664306640625e+01
-8.891000366210937500e+01
-8.916999816894531250e+01
-8.833999633789062500e+01
-8.444999694824218750e+01
-8.233000183105468750e+01
-8.851999664306640625e+01
-8.587999725341796875e+01
-8.794000244140625000e+01
-8.580000305175781250e+01
-1.190000000000000000e+02
-9.179000091552734375e+01
-8.770999908447265625e+01
-7.533000183105468750e+01
-8.840000152587890625e+01
-9.216999816894531250e+01
-8.712000274658203125e+01
-8.419999694824218750e+01
-8.943000030517578125e+01
-9.600000000000000000e+01
-9.518000030517578125e+01
-9.700000000000000000e+01
-1.060000000000000000e+02
-9.047000122070312500e+01
-1.025800018310546875e+02
-8.912000274658203125e+01
-9.400000000000000000e+01
-1.030000000000000000e+02
-9.454000091552734375e+01
-8.715000152587890625e+01
-1.022900009155273438e+02
-1.029199981689453125e+02
-9.522000122070312500e+01
-9.116999816894531250e+01
-8.893000030517578125e+01
-9.580000305175781250e+01
-8.872000122070312500e+01
-9.383000183105468750e+01
-8.577999877929687500e+01
-8.900000000000000000e+01
-8.918000030517578125e+01
-1.020000000000000000e+02
-9.419999694824218750e+01
-9.050000000000000000e+01
-8.425000000000000000e+01
-8.543000030517578125e+01
-8.469000244140625000e+01
-8.925000000000000000e+01
-8.241999816894531250e+01
-8.487999725341796875e+01
-8.673999786376953125e+01
-8.762999725341796875e+01
-9.033999633789062500e+01
-8.800000000000000000e+01
-8.686000061035156250e+01
-8.600000000000000000e+01
-9.625000000000000000e+01
-9.248999786376953125e+01
-9.055999755859375000e+01
-8.477999877929687500e+01
-8.566999816894531250e+01
-8.655000305175781250e+01
-1.032500000000000000e+02
-8.531999969482421875e+01
-7.776000213623046875e+01
-9.252999877929687500e+01
-8.986000061035156250e+01
-8.631999969482421875e+01
-9.825000000000000000e+01
-8.900000000000000000e+01
-8.073999786376953125e+01
-8.455000305175781250e+01
-9.825000000000000000e+01
-8.009999847412109375e+01
-8.541999816894531250e+01
-9.256999969482421875e+01
-8.630999755859375000e+01
-9.005000305175781250e+01
-9.850000000000000000e+01
-1.000000000000000000e+02
-1.030000000000000000e+02
-1.007699966430664062e+02
-1.055699996948242188e+02
-9.900000000000000000e+01
-1.025000000000000000e+02
-1.056699981689453125e+02
-1.025999984741210938e+02
-1.010000000000000000e+02
-1.005000000000000000e+02
-1.023499984741210938e+02
-9.950000000000000000e+01
-1.115999984741210938e+02
-9.775000000000000000e+01
-1.030000000000000000e+02
-9.380000305175781250e+01
-1.065000000000000000e+02
-1.180000000000000000e+02
-8.333000183105468750e+01
-8.800000000000000000e+01
-1.067500000000000000e+02
-1.032699966430664062e+02
-1.150000000000000000e+02
-9.766999816894531250e+01
-1.115000000000000000e+02
-9.700000000000000000e+01
-1.120000000000000000e+02
-1.115000000000000000e+02
-1.078000030517578125e+02
-8.533000183105468750e+01
-7.800000000000000000e+01
-8.350000000000000000e+01
-9.200000000000000000e+01
-8.750000000000000000e+01
-1.070000000000000000e+02
-1.225000000000000000e+02
-1.037099990844726562e+02
-1.035000000000000000e+02
-1.048600006103515625e+02
-1.054400024414062500e+02
-9.963999938964843750e+01
-1.014300003051757812e+02
-9.933000183105468750e+01
-9.950000000000000000e+01
-1.003700027465820312e+02
-1.010800018310546875e+02
-1.031100006103515625e+02
-1.024499969482421875e+02
-1.068000030517578125e+02
-1.049000015258789062e+02
-9.159999847412109375e+01
-1.045999984741210938e+02
-1.038899993896484375e+02
-9.325000000000000000e+01
-1.005000000000000000e+02
-8.650000000000000000e+01
-8.900000000000000000e+01
-1.100000000000000000e+02
-9.850000000000000000e+01
-1.020000000000000000e+02
-1.020000000000000000e+02
-1.050000000000000000e+02
-1.120000000000000000e+02
-8.450000000000000000e+01
-9.050000000000000000e+01
-9.200000000000000000e+01
-8.566999816894531250e+01
-9.050000000000000000e+01
-8.580000305175781250e+01
-8.581999969482421875e+01
-7.958999633789062500e+01
-8.900000000000000000e+01
-8.422000122070312500e+01
-9.345999908447265625e+01
-8.066999816894531250e+01
-8.788999938964843750e+01
-9.400000000000000000e+01
-9.056999969482421875e+01
-8.933000183105468750e+01
-9.505999755859375000e+01
-8.686000061035156250e+01
-8.384999847412109375e+01
-9.100000000000000000e+01
-9.300000000000000000e+01
-1.067500000000000000e+02
-9.566999816894531250e+01
-8.762000274658203125e+01
-8.638999938964843750e+01
-9.175000000000000000e+01
-8.200000000000000000e+01
-1.124000015258789062e+02
-8.877999877929687500e+01
-9.222000122070312500e+01
-8.713999938964843750e+01
-1.100000000000000000e+02
-8.162000274658203125e+01
-9.343000030517578125e+01
-9.561000061035156250e+01
-8.750000000000000000e+01
-8.986000061035156250e+01
-1.045000000000000000e+02
-8.881999969482421875e+01
-9.047000122070312500e+01
-8.176000213623046875e+01
-9.329000091552734375e+01
-8.100000000000000000e+01
-9.030000305175781250e+01
-9.350000000000000000e+01
-1.076999969482421875e+02
-9.325000000000000000e+01
-1.041800003051757812e+02
-1.065000000000000000e+02
-1.060000000000000000e+02
-1.043300018310546875e+02
-8.883000183105468750e+01
-1.017600021362304688e+02
-1.054400024414062500e+02
-9.900000000000000000e+01
-1.005800018310546875e+02
-1.006200027465820312e+02
-1.055599975585937500e+02
-1.008300018310546875e+02
-1.046699981689453125e+02
-1.039199981689453125e+02
-1.033300018310546875e+02
-1.018799972534179688e+02
-8.450000000000000000e+01
-8.250000000000000000e+01
-8.300000000000000000e+01
-1.135000000000000000e+02
-8.550000000000000000e+01
-8.400000000000000000e+01
-1.047500000000000000e+02
-9.237999725341796875e+01
-9.100000000000000000e+01
-8.273999786376953125e+01
-9.187000274658203125e+01
-9.173999786376953125e+01
-9.019000244140625000e+01
-8.956999969482421875e+01
-8.937999725341796875e+01
-8.680999755859375000e+01
-8.355000305175781250e+01
-8.448999786376953125e+01
-8.556999969482421875e+01
-9.076999664306640625e+01
-8.375000000000000000e+01
-8.933000183105468750e+01
-8.950000000000000000e+01
-8.355999755859375000e+01
-9.188999938964843750e+01
-8.913999938964843750e+01
-8.944000244140625000e+01
-8.800000000000000000e+01
-8.937000274658203125e+01
-8.250000000000000000e+01
-1.140000000000000000e+02
-1.136699981689453125e+02
-8.283000183105468750e+01
-8.650000000000000000e+01
-8.600000000000000000e+01
-8.991000366210937500e+01
-8.050000000000000000e+01
-9.066999816894531250e+01
-9.443000030517578125e+01
-8.931999969482421875e+01
-9.900000000000000000e+01
-8.709999847412109375e+01
-9.015000152587890625e+01
-8.926999664306640625e+01
-8.359999847412109375e+01
-1.083300018310546875e+02
-9.419999694824218750e+01
-8.644000244140625000e+01
-8.933000183105468750e+01
-8.013999938964843750e+01
-8.916000366210937500e+01
-8.769000244140625000e+01
-9.118000030517578125e+01
-8.955999755859375000e+01
-9.012000274658203125e+01
-8.491000366210937500e+01
-9.369999694824218750e+01
-8.029000091552734375e+01
-7.983000183105468750e+01
-8.081999969482421875e+01
-9.329000091552734375e+01
-1.220000000000000000e+02
-9.000000000000000000e+01
-8.933000183105468750e+01
-7.956999969482421875e+01
-9.008999633789062500e+01
-9.000000000000000000e+01
-9.100000000000000000e+01
-9.270999908447265625e+01
-8.775000000000000000e+01
-8.288999938964843750e+01
-8.275000000000000000e+01
-7.933000183105468750e+01
-7.133000183105468750e+01
-9.209999847412109375e+01
-9.250000000000000000e+01
-9.859999847412109375e+01
-9.251999664306640625e+01
-9.305999755859375000e+01
-8.700000000000000000e+01
-8.450000000000000000e+01
-8.700000000000000000e+01
-9.000000000000000000e+01
-9.800000000000000000e+01
-8.800000000000000000e+01
-8.650000000000000000e+01
-8.333000183105468750e+01
-7.966999816894531250e+01
-9.859999847412109375e+01
-9.500000000000000000e+01
-1.050000000000000000e+02
-9.075000000000000000e+01
-1.035000000000000000e+02
-9.100000000000000000e+01
-1.090000000000000000e+02
-1.035000000000000000e+02
-1.090000000000000000e+02
-1.038000030517578125e+02
-1.070000000000000000e+02
-9.980000305175781250e+01
-1.055699996948242188e+02
-9.025000000000000000e+01
-1.060000000000000000e+02
-9.944000244140625000e+01
-9.775000000000000000e+01
-1.030699996948242188e+02
-9.887999725341796875e+01
-9.129000091552734375e+01
-9.836000061035156250e+01
-1.033799972534179688e+02
-1.037699966430664062e+02
-1.044100036621093750e+02
-8.870999908447265625e+01
-9.211000061035156250e+01
-1.057699966430664062e+02
-1.010000000000000000e+02
-1.055000000000000000e+02
-1.000500030517578125e+02
-8.876000213623046875e+01
-9.983999633789062500e+01
-9.786000061035156250e+01
-9.965000152587890625e+01
-9.408000183105468750e+01
-9.450000000000000000e+01
-9.065000152587890625e+01
-8.963999938964843750e+01
-9.312999725341796875e+01
-9.350000000000000000e+01
-9.994999694824218750e+01
-9.518000030517578125e+01
-9.201999664306640625e+01
-8.729000091552734375e+01
-1.010000000000000000e+02
-9.012999725341796875e+01
-1.020999984741210938e+02
-1.027799987792968750e+02
-1.037300033569335938e+02
-9.391000366210937500e+01
-9.441000366210937500e+01
-9.080000305175781250e+01
-9.050000000000000000e+01
-1.044000015258789062e+02
-9.600000000000000000e+01
-1.003300018310546875e+02
-8.633000183105468750e+01
-9.136000061035156250e+01
-7.950000000000000000e+01
-8.531999969482421875e+01
-9.650000000000000000e+01
-8.983000183105468750e+01
-1.165000000000000000e+02
-8.755000305175781250e+01
-8.050000000000000000e+01
-9.733000183105468750e+01
-9.650000000000000000e+01
-1.150000000000000000e+02
-1.016699981689453125e+02
-1.030000000000000000e+02
-1.005000000000000000e+02
-1.066699981689453125e+02
-1.075000000000000000e+02
-1.080000000000000000e+02
-1.060000000000000000e+02
-8.250000000000000000e+01
-8.850000000000000000e+01
-8.933000183105468750e+01
-8.287999725341796875e+01
-1.228000030517578125e+02
-1.040000000000000000e+02
-1.094400024414062500e+02
-8.859999847412109375e+01
-8.950000000000000000e+01
-8.250000000000000000e+01
-8.400000000000000000e+01
-1.360000000000000000e+02
-9.550000000000000000e+01
-8.300000000000000000e+01
-9.033000183105468750e+01
-9.033000183105468750e+01
-1.020000000000000000e+02
-1.040000000000000000e+02
-8.800000000000000000e+01
-1.014400024414062500e+02
-9.530000305175781250e+01
-1.025000000000000000e+02
-8.880000305175781250e+01
-9.875000000000000000e+01
-1.004599990844726562e+02
-1.023499984741210938e+02
-1.010000000000000000e+02
-1.058899993896484375e+02
-8.662999725341796875e+01
-1.047500000000000000e+02
-9.997000122070312500e+01
-1.051999969482421875e+02
-9.566999816894531250e+01
-1.030000000000000000e+02
-9.659999847412109375e+01
-8.675000000000000000e+01
-1.027099990844726562e+02
-1.010000000000000000e+02
-1.013300018310546875e+02
-1.070000000000000000e+02
-1.011999969482421875e+02
-9.533000183105468750e+01
-1.035000000000000000e+02
-1.130000000000000000e+02
-1.200000000000000000e+02
-8.666999816894531250e+01
-1.070000000000000000e+02
-1.010000000000000000e+02
-1.063300018310546875e+02
-9.900000000000000000e+01
-9.976999664306640625e+01
-1.036699981689453125e+02
-9.850000000000000000e+01
-1.106699981689453125e+02
-1.028799972534179688e+02
-1.032500000000000000e+02
-1.030000000000000000e+02
-9.850000000000000000e+01
-1.043300018310546875e+02
-1.023300018310546875e+02
-1.035000000000000000e+02
-1.106299972534179688e+02
-1.010000000000000000e+02
-8.833000183105468750e+01
-8.950000000000000000e+01
-1.070000000000000000e+02
-1.080000000000000000e+02
-1.006699981689453125e+02
-9.650000000000000000e+01
-1.085000000000000000e+02
-9.400000000000000000e+01
-9.973000335693359375e+01
-1.068000030517578125e+02
-1.014000015258789062e+02
-1.015299987792968750e+02
-1.051999969482421875e+02
-1.082500000000000000e+02
-1.010000000000000000e+02
-1.053300018310546875e+02
-1.073300018310546875e+02
-1.068600006103515625e+02
-1.023300018310546875e+02
-9.975000000000000000e+01
-1.030000000000000000e+02
-1.013300018310546875e+02
-1.033300018310546875e+02
-9.766999816894531250e+01
-1.010000000000000000e+02
-1.013300018310546875e+02
-9.012999725341796875e+01
-8.633000183105468750e+01
-8.700000000000000000e+01
-9.066999816894531250e+01
-8.380000305175781250e+01
-1.032500000000000000e+02
-1.060000000000000000e+02
-9.200000000000000000e+01
-9.500000000000000000e+01
-1.000000000000000000e+02
-9.250000000000000000e+01
-1.102200012207031250e+02
-1.015000000000000000e+02
-1.023300018310546875e+02
-1.043300018310546875e+02
-1.020000000000000000e+02
-9.850000000000000000e+01
-1.007500000000000000e+02
-1.030000000000000000e+02
-1.032500000000000000e+02
-9.850000000000000000e+01
-1.058000030517578125e+02
-8.850000000000000000e+01
-7.950000000000000000e+01
-8.933000183105468750e+01
-8.980000305175781250e+01
-8.773999786376953125e+01
-8.816999816894531250e+01
-8.519999694824218750e+01
-8.811000061035156250e+01
-1.060000000000000000e+02
-1.065000000000000000e+02
-1.100000000000000000e+02
-9.919999694824218750e+01
-8.413999938964843750e+01
-9.662999725341796875e+01
-9.850000000000000000e+01
-8.718000030517578125e+01
-9.990000152587890625e+01
-9.037000274658203125e+01
-1.010000000000000000e+02
-1.013300018310546875e+02
-1.058600006103515625e+02
-9.350000000000000000e+01
-1.055000000000000000e+02
-1.001200027465820312e+02
-8.675000000000000000e+01
-1.043000030517578125e+02
-1.045800018310546875e+02
-9.850000000000000000e+01
-9.044999694824218750e+01
-1.030000000000000000e+02
-1.056699981689453125e+02
-1.062900009155273438e+02
-9.100000000000000000e+01
-9.700000000000000000e+01
-8.950000000000000000e+01
-9.250000000000000000e+01
-9.816999816894531250e+01
-1.035000000000000000e+02
-1.116699981689453125e+02
-1.140000000000000000e+02
-9.825000000000000000e+01
-1.123799972534179688e+02
-9.050000000000000000e+01
-9.650000000000000000e+01
-1.075000000000000000e+02
-1.005000000000000000e+02
-9.894999694824218750e+01
-9.750000000000000000e+01
-1.085000000000000000e+02
-1.000000000000000000e+02
-1.050000000000000000e+02
-9.008999633789062500e+01
-9.966999816894531250e+01
-9.808999633789062500e+01
-1.045000000000000000e+02
-1.032200012207031250e+02
-9.913999938964843750e+01
-1.014000015258789062e+02
-8.650000000000000000e+01
-1.002099990844726562e+02
-9.933000183105468750e+01
-1.060000000000000000e+02
-1.048300018310546875e+02
-1.060000000000000000e+02
-1.054000015258789062e+02
-1.013799972534179688e+02
-1.075000000000000000e+02
-1.041999969482421875e+02
-9.166999816894531250e+01
-9.150000000000000000e+01
-1.080000000000000000e+02
-8.866999816894531250e+01
-8.616999816894531250e+01
-9.236000061035156250e+01
-7.937999725341796875e+01
-7.956999969482421875e+01
-1.175000000000000000e+02
-9.100000000000000000e+01
-7.900000000000000000e+01
-8.322000122070312500e+01
-8.200000000000000000e+01
-8.312000274658203125e+01
-8.344000244140625000e+01
-9.700000000000000000e+01
-1.266699981689453125e+02
-8.587000274658203125e+01
-8.700000000000000000e+01
-8.936000061035156250e+01
-8.890000152587890625e+01
-9.109999847412109375e+01
-8.651999664306640625e+01
-9.104000091552734375e+01
-8.697000122070312500e+01
-8.708000183105468750e+01
-8.441000366210937500e+01
-1.030000000000000000e+02
-8.526999664306640625e+01
-1.055000000000000000e+02
-8.518000030517578125e+01
-8.900000000000000000e+01
-1.040000000000000000e+02
-8.383000183105468750e+01
-8.466999816894531250e+01
-9.225000000000000000e+01
-7.950000000000000000e+01
-9.850000000000000000e+01
-9.600000000000000000e+01
-8.383000183105468750e+01
-9.150000000000000000e+01
-8.966999816894531250e+01
-1.096699981689453125e+02
-1.036699981689453125e+02
-9.850000000000000000e+01
-1.025000000000000000e+02
-1.020000000000000000e+02
-9.880000305175781250e+01
-1.010000000000000000e+02
-9.700000000000000000e+01
-1.013300018310546875e+02
-1.014300003051757812e+02
-1.068099975585937500e+02
-1.082500000000000000e+02
-1.053799972534179688e+02
-1.050000000000000000e+02
-1.045999984741210938e+02
-1.042500000000000000e+02
-1.076699981689453125e+02
-1.097099990844726562e+02
-1.023499984741210938e+02
-1.046699981689453125e+02
-1.038000030517578125e+02
-9.600000000000000000e+01
-1.097099990844726562e+02
-1.005999984741210938e+02
-8.987999725341796875e+01
-9.950000000000000000e+01
-8.866999816894531250e+01
-1.035000000000000000e+02
-1.066699981689453125e+02
-1.050000000000000000e+02
-1.100000000000000000e+02
-8.450000000000000000e+01
-9.750000000000000000e+01
-8.333000183105468750e+01
-9.000000000000000000e+01
-8.866999816894531250e+01
-9.000000000000000000e+01
-8.500000000000000000e+01
-8.634999847412109375e+01
-9.533000183105468750e+01
-1.160000000000000000e+02
-8.966999816894531250e+01
-1.013300018310546875e+02
-8.783999633789062500e+01
-8.769000244140625000e+01
-8.823999786376953125e+01
-9.041999816894531250e+01
-8.665000152587890625e+01
-8.398000335693359375e+01
-1.075000000000000000e+02
-8.880999755859375000e+01
-8.663999938964843750e+01
-1.035000000000000000e+02
-7.926999664306640625e+01
-8.525000000000000000e+01
-8.891000366210937500e+01
-8.179000091552734375e+01
-7.200000000000000000e+01
-8.700000000000000000e+01
-1.130000000000000000e+02
-8.319000244140625000e+01
-7.950000000000000000e+01
-8.629000091552734375e+01
-8.837999725341796875e+01
-8.300000000000000000e+01
-1.030000000000000000e+02
-1.075000000000000000e+02
-1.060000000000000000e+02
-1.123300018310546875e+02
-1.085999984741210938e+02
-8.750000000000000000e+01
-8.600000000000000000e+01
-8.750000000000000000e+01
-9.150000000000000000e+01
-9.223000335693359375e+01
-9.162000274658203125e+01
-8.429000091552734375e+01
-8.908000183105468750e+01
-8.650000000000000000e+01
-7.975000000000000000e+01
-8.300000000000000000e+01
-8.088999938964843750e+01
-7.925000000000000000e+01
-9.500000000000000000e+01
-1.015000000000000000e+02
-1.037500000000000000e+02
-1.077500000000000000e+02
-1.044000015258789062e+02
-9.943000030517578125e+01
-1.026699981689453125e+02
-1.077500000000000000e+02
-1.055000000000000000e+02
-8.500000000000000000e+01
-8.837999725341796875e+01
-8.884999847412109375e+01
-8.643000030517578125e+01
-8.838999938964843750e+01
-8.769999694824218750e+01
-8.587999725341796875e+01
-9.850000000000000000e+01
-1.213300018310546875e+02
-8.480999755859375000e+01
-8.788999938964843750e+01
-8.581999969482421875e+01
-8.816999816894531250e+01
-9.086000061035156250e+01
-1.056699981689453125e+02
-1.003300018310546875e+02
-8.519999694824218750e+01
-9.038999938964843750e+01
-8.575000000000000000e+01
-7.800000000000000000e+01
-8.427999877929687500e+01
-8.534999847412109375e+01
-9.050000000000000000e+01
-8.559999847412109375e+01
-8.519999694824218750e+01
-8.300000000000000000e+01
-9.050000000000000000e+01
-8.575000000000000000e+01
-8.450000000000000000e+01
-9.266999816894531250e+01
-8.912000274658203125e+01
-9.363999938964843750e+01
-9.280000305175781250e+01
-9.522000122070312500e+01
-9.131999969482421875e+01
-9.816999816894531250e+01
-8.825000000000000000e+01
-9.241000366210937500e+01
-9.322000122070312500e+01
-9.008000183105468750e+01
-9.400000000000000000e+01
-9.719000244140625000e+01
-9.400000000000000000e+01
-9.190000152587890625e+01
-9.102999877929687500e+01
-9.480000305175781250e+01
-9.800000000000000000e+01
-9.413999938964843750e+01
-9.048000335693359375e+01
-9.100000000000000000e+01
-1.013300018310546875e+02
-1.006699981689453125e+02
-9.790000152587890625e+01
-9.959999847412109375e+01
-9.388999938964843750e+01
-9.600000000000000000e+01
-9.675000000000000000e+01
-1.150000000000000000e+02
-1.090000000000000000e+02
-9.600000000000000000e+01
-1.040000000000000000e+02
-1.075000000000000000e+02
-1.135000000000000000e+02
-1.000000000000000000e+02
-1.220000000000000000e+02
-9.413999938964843750e+01
-9.329000091552734375e+01
-1.053300018310546875e+02
-1.105000000000000000e+02
-1.035000000000000000e+02
-1.075000000000000000e+02
-1.011699981689453125e+02
-9.752999877929687500e+01
-1.026399993896484375e+02
-8.952999877929687500e+01
-9.600000000000000000e+01
-9.423000335693359375e+01
-8.793000030517578125e+01
-9.556999969482421875e+01
-9.116999816894531250e+01
-9.491000366210937500e+01
-9.322000122070312500e+01
-8.952999877929687500e+01
-9.050000000000000000e+01
-1.010000000000000000e+02
-1.006900024414062500e+02
-9.280000305175781250e+01
-9.812999725341796875e+01
-9.475000000000000000e+01
-9.123000335693359375e+01
-9.105999755859375000e+01
-9.240000152587890625e+01
-1.012799987792968750e+02
-1.070000000000000000e+02
-9.819999694824218750e+01
-8.080000305175781250e+01
-9.800000000000000000e+01
-8.983000183105468750e+01
-9.000000000000000000e+01
-8.700000000000000000e+01
-1.055000000000000000e+02
-1.070000000000000000e+02
-8.633000183105468750e+01
-8.650000000000000000e+01
-1.040000000000000000e+02
-8.850000000000000000e+01
-9.048000335693359375e+01
-9.486000061035156250e+01
-8.994000244140625000e+01
-9.616999816894531250e+01
-8.648000335693359375e+01
-9.447000122070312500e+01
-9.412999725341796875e+01
-9.606999969482421875e+01
-9.458999633789062500e+01
-9.323999786376953125e+01
-9.033000183105468750e+01
-9.143000030517578125e+01
-9.540000152587890625e+01
-9.213999938964843750e+01
-9.650000000000000000e+01
-9.441000366210937500e+01
-9.386000061035156250e+01
-9.365000152587890625e+01
-9.466999816894531250e+01
-9.412999725341796875e+01
-1.011699981689453125e+02
-9.283000183105468750e+01
-9.037999725341796875e+01
-9.458000183105468750e+01
-9.443000030517578125e+01
-1.115000000000000000e+02
-7.750000000000000000e+01
-8.033000183105468750e+01
-1.020899963378906250e+02
-1.118300018310546875e+02
-8.700000000000000000e+01
-1.087099990844726562e+02
-1.017600021362304688e+02
-8.159999847412109375e+01
-9.000000000000000000e+01
-8.000000000000000000e+01
-1.076699981689453125e+02
-1.015000000000000000e+02
-1.113300018310546875e+02
-1.051999969482421875e+02
-1.020000000000000000e+02
-1.013300018310546875e+02
-1.043300018310546875e+02
-8.050000000000000000e+01
-8.550000000000000000e+01
-1.040000000000000000e+02
-1.075000000000000000e+02
-1.040000000000000000e+02
-1.075000000000000000e+02
-1.048000030517578125e+02
-1.000000000000000000e+02
-1.031999969482421875e+02
-1.018799972534179688e+02
-1.090000000000000000e+02
-1.020000000000000000e+02
-1.051999969482421875e+02
-8.600000000000000000e+01
-9.011000061035156250e+01
-8.988999938964843750e+01
-8.780000305175781250e+01
-9.394999694824218750e+01
-8.050000000000000000e+01
-8.741999816894531250e+01
-9.200000000000000000e+01
-8.500000000000000000e+01
-7.640000152587890625e+01
-8.200000000000000000e+01
-1.040000000000000000e+02
-9.533000183105468750e+01
-8.973999786376953125e+01
-8.150000000000000000e+01
-8.465000152587890625e+01
-8.581999969482421875e+01
-9.243000030517578125e+01
-8.983000183105468750e+01
-9.040000152587890625e+01
-8.776999664306640625e+01
-8.987999725341796875e+01
-8.701000213623046875e+01
-8.619000244140625000e+01
-8.900000000000000000e+01
-8.916999816894531250e+01
-8.572000122070312500e+01
-8.876999664306640625e+01
-9.025000000000000000e+01
-8.870999908447265625e+01
-1.030000000000000000e+02
-7.925000000000000000e+01
-8.700000000000000000e+01
-9.900000000000000000e+01
-8.425000000000000000e+01
-8.555000305175781250e+01
-8.650000000000000000e+01
-8.923000335693359375e+01
-9.950000000000000000e+01
-9.891000366210937500e+01
-9.409999847412109375e+01
-9.387999725341796875e+01
-1.035000000000000000e+02
-8.986000061035156250e+01
-9.444999694824218750e+01
-9.650000000000000000e+01
-8.852999877929687500e+01
-9.438999938964843750e+01
-8.811000061035156250e+01
-9.469000244140625000e+01
-1.023300018310546875e+02
-9.544000244140625000e+01
-9.475000000000000000e+01
-9.590000152587890625e+01
-8.816999816894531250e+01
-9.177999877929687500e+01
-1.000000000000000000e+02
-8.916000366210937500e+01
-9.933000183105468750e+01
-1.070000000000000000e+02
-9.184999847412109375e+01
-1.002600021362304688e+02
-9.516999816894531250e+01
-9.459999847412109375e+01
-8.350000000000000000e+01
-8.059999847412109375e+01
-9.250000000000000000e+01
-9.800000000000000000e+01
-1.040000000000000000e+02
-8.958999633789062500e+01
-9.350000000000000000e+01
-7.950000000000000000e+01
-8.333000183105468750e+01
-8.650000000000000000e+01
-8.150000000000000000e+01
-8.505000305175781250e+01
-1.061699981689453125e+02
-1.098799972534179688e+02
-8.861000061035156250e+01
-8.547000122070312500e+01
-1.118499984741210938e+02
-8.368000030517578125e+01
-9.600000000000000000e+01
-8.933000183105468750e+01
-8.215000152587890625e+01
-8.412000274658203125e+01
-8.615000152587890625e+01
-9.337999725341796875e+01
-9.025000000000000000e+01
-8.277999877929687500e+01
-8.519000244140625000e+01
-8.568000030517578125e+01
-8.791999816894531250e+01
-9.008999633789062500e+01
-8.575000000000000000e+01
-1.040000000000000000e+02
-9.083000183105468750e+01
-1.023300018310546875e+02
-8.754000091552734375e+01
-8.951999664306640625e+01
-1.040000000000000000e+02
-8.866999816894531250e+01
-8.525000000000000000e+01
-8.300000000000000000e+01
-1.028899993896484375e+02
-9.300000000000000000e+01
-1.197500000000000000e+02
-1.120000000000000000e+02
-9.988999938964843750e+01
-1.110000000000000000e+02
-1.065000000000000000e+02
-1.100899963378906250e+02
-1.015999984741210938e+02
-1.041999969482421875e+02
-1.033300018310546875e+02
-1.018199996948242188e+02
-1.021800003051757812e+02
-1.020000000000000000e+02
-1.013799972534179688e+02
-1.052500000000000000e+02
-1.021299972534179688e+02
-9.570999908447265625e+01
-1.043300018310546875e+02
-1.007500000000000000e+02
-1.017500000000000000e+02
-8.666999816894531250e+01
-8.250000000000000000e+01
-8.919999694824218750e+01
-9.050000000000000000e+01
-9.326000213623046875e+01
-8.400000000000000000e+01
-8.506999969482421875e+01
-8.336000061035156250e+01
-8.750000000000000000e+01
-1.175000000000000000e+02
-1.070000000000000000e+02
-8.943000030517578125e+01
-1.077500000000000000e+02
-1.030000000000000000e+02
-9.672000122070312500e+01
-9.600000000000000000e+01
-1.090000000000000000e+02
-9.961000061035156250e+01
-1.002500000000000000e+02
-1.002600021362304688e+02
-8.908000183105468750e+01
-9.893000030517578125e+01
-1.031999969482421875e+02
-1.042699966430664062e+02
-8.956999969482421875e+01
-9.770999908447265625e+01
-1.043799972534179688e+02
-9.829000091552734375e+01
-1.005999984741210938e+02
-9.066999816894531250e+01
-9.925000000000000000e+01
-9.740000152587890625e+01
-1.067500000000000000e+02
-1.061699981689453125e+02
-1.065000000000000000e+02
-1.045000000000000000e+02
-8.833000183105468750e+01
-9.000000000000000000e+01
-1.060000000000000000e+02
-9.100000000000000000e+01
-1.045000000000000000e+02
-1.052500000000000000e+02
-1.026200027465820312e+02
-1.034499969482421875e+02
-8.766999816894531250e+01
-9.700000000000000000e+01
-9.500000000000000000e+01
-1.020000000000000000e+02
-9.400000000000000000e+01
-9.211000061035156250e+01
-9.073000335693359375e+01
-9.500000000000000000e+01
-9.266999816894531250e+01
-9.600000000000000000e+01
-9.850000000000000000e+01
-1.180000000000000000e+02
-1.205000000000000000e+02
-1.025000000000000000e+02
-1.030000000000000000e+02
-9.100000000000000000e+01
-1.000000000000000000e+02
-1.033300018310546875e+02
-1.005000000000000000e+02
-9.950000000000000000e+01
-1.136699981689453125e+02
-1.070000000000000000e+02
-9.700000000000000000e+01
-9.800000000000000000e+01
-1.035000000000000000e+02
-1.033799972534179688e+02
-1.036699981689453125e+02
-9.981999969482421875e+01
-1.011900024414062500e+02
-1.015899963378906250e+02
-1.028600006103515625e+02
-1.057099990844726562e+02
-1.071399993896484375e+02
-9.900000000000000000e+01
-1.023799972534179688e+02
-1.048000030517578125e+02
-9.325000000000000000e+01
-1.022200012207031250e+02
-1.018199996948242188e+02
-9.950000000000000000e+01
-9.229000091552734375e+01
-1.066699981689453125e+02
-1.024400024414062500e+02
-1.038000030517578125e+02
-1.030000000000000000e+02
-1.020999984741210938e+02
-1.025000000000000000e+02
-1.035699996948242188e+02
-9.786000061035156250e+01
-1.051699981689453125e+02
-1.024400024414062500e+02
-9.966999816894531250e+01
-1.041699981689453125e+02
-9.756999969482421875e+01
-1.083799972534179688e+02
-1.028000030517578125e+02
-1.045000000000000000e+02
-1.038799972534179688e+02
-1.018799972534179688e+02
-1.040000000000000000e+02
-1.230000000000000000e+02
-1.091699981689453125e+02
-9.500000000000000000e+01
-1.005000000000000000e+02
-1.010000000000000000e+02
-8.350000000000000000e+01
-8.100000000000000000e+01
-8.750000000000000000e+01
-1.025000000000000000e+02
-1.190000000000000000e+02
-8.418000030517578125e+01
-1.000000000000000000e+02
-9.886000061035156250e+01
-9.634999847412109375e+01
-8.652999877929687500e+01
-9.005000305175781250e+01
-9.333000183105468750e+01
-8.488999938964843750e+01
-9.233999633789062500e+01
-9.333000183105468750e+01
-9.300000000000000000e+01
-8.272000122070312500e+01
-9.123999786376953125e+01
-9.312999725341796875e+01
-7.994000244140625000e+01
-9.094999694824218750e+01
-1.260000000000000000e+02
-1.060000000000000000e+02
-8.680000305175781250e+01
-8.637999725341796875e+01
-8.600000000000000000e+01
-8.181999969482421875e+01
-7.537999725341796875e+01
-8.845999908447265625e+01
-9.161000061035156250e+01
-7.900000000000000000e+01
-8.525000000000000000e+01
-8.159999847412109375e+01
-9.129000091552734375e+01
-8.880000305175781250e+01
-9.800000000000000000e+01
-8.950000000000000000e+01
-8.975000000000000000e+01
-1.010000000000000000e+02
-1.055000000000000000e+02
-9.875000000000000000e+01
-1.100000000000000000e+02
-1.120000000000000000e+02
-1.030000000000000000e+02
-1.043300018310546875e+02
-1.103300018310546875e+02
-1.035000000000000000e+02
-9.800000000000000000e+01
-1.016699981689453125e+02
-1.015000000000000000e+02
-1.053300018310546875e+02
-8.650000000000000000e+01
-8.400000000000000000e+01
-8.766999816894531250e+01
-8.613999938964843750e+01
-9.100000000000000000e+01
-1.020000000000000000e+02
-1.060000000000000000e+02
-1.000000000000000000e+02
-1.096699981689453125e+02
-1.145000000000000000e+02
-8.950000000000000000e+01
-8.700000000000000000e+01
-9.100000000000000000e+01
-9.366999816894531250e+01
-8.166999816894531250e+01
-8.533000183105468750e+01
-8.600000000000000000e+01
-9.100000000000000000e+01
-1.030000000000000000e+02
-8.766999816894531250e+01
-8.443000030517578125e+01
-8.200000000000000000e+01
-9.550000000000000000e+01
-7.600000000000000000e+01
-8.969999694824218750e+01
-1.110000000000000000e+02
-1.185000000000000000e+02
-8.450000000000000000e+01
-9.650000000000000000e+01
-1.030000000000000000e+02
-1.005000000000000000e+02
-1.090000000000000000e+02
-1.045000000000000000e+02
-1.161699981689453125e+02
-1.170000000000000000e+02
-9.680000305175781250e+01
-1.200000000000000000e+02
-8.566999816894531250e+01
-1.070000000000000000e+02
-9.100000000000000000e+01
-9.625000000000000000e+01
-1.085000000000000000e+02
-9.025000000000000000e+01
-9.000000000000000000e+01
-1.158000030517578125e+02
-9.925000000000000000e+01
-9.850000000000000000e+01
-1.005000000000000000e+02
-1.016699981689453125e+02
-9.900000000000000000e+01
-1.045000000000000000e+02
-9.550000000000000000e+01
-8.500000000000000000e+01
-8.725000000000000000e+01
-9.800000000000000000e+01
-9.448999786376953125e+01
-9.100000000000000000e+01
-1.000000000000000000e+02
-9.850000000000000000e+01
-1.030000000000000000e+02
-1.055000000000000000e+02
-1.120000000000000000e+02
-1.155000000000000000e+02
-8.200000000000000000e+01
-8.800000000000000000e+01
-9.025000000000000000e+01
-9.016999816894531250e+01
-9.133000183105468750e+01
-8.350000000000000000e+01
-8.700000000000000000e+01
-1.074000015258789062e+02
-7.600000000000000000e+01
-9.116999816894531250e+01
-8.525000000000000000e+01
-9.300000000000000000e+01
